-89
-87
-89
-88
-89
-89
-90
-88
-87
-91
-90
-90
-89
-88
-90
-88
-90
-89
-90
-90
-90
-90
-91
-90
-90
-87
-89
-90
-90
-89
-90
-90
-90
-88
-89
-89
-89
-89
-89
-90
-89
-89
-87
-87
-89
-89
-90
-81
-89
-89
-88
-89
-45
-40
-40
-40
-40
-40
-96
-90
-82
-89
-88
-89
-88
-86
-87
-90
-91
-87
-85
-89
-89
-86
-84
-86
-89
-87
-83
-89
-89
-89
-88
-89
-88
-87
-88
-89
-91
-89
-87
-91
-90
-85
-91
-88
-88
-90
-86
-87
-90
-90
-89
-91
-89
-90
-89
-89
-90
-23
-24
-24
-24
-24
-48
-89
-90
-87
-90
-90
-90
-86
-90
-90
-89
-89
-90
-87
-89
-90
-89
-87
-89
-90
-89
-84
-88
-89
-86
-88
-89
-90
-90
-90
-89
-89
-89
-90
-91
-90
-89
-89
-89
-89
-83
-90
-89
-88
-90
-88
-88
-89
-88
-88
-87
-89
-86
-90
-89
-90
-87
-88
-90
-88
-89
-90
-89
-89
-89
-89
-86
-90
-90
-87
-83
-85
-89
-88
-89
-88
-89
-88
-89
-89
-88
-88
-91
-89
-89
-90
-90
-89
-89
-90
-89
-90
-90
-84
-90
-91
-90
-89
-89
-91
-89
-88
-86
-88
-90
-88
-86
-90
-86
-89
-87
-90
-82
-88
-90
-89
-88
-89
-90
-90
-88
-89
-88
-89
-89
-87
-91
-90
-89
-88
-90
-89
-89
-87
-89
-91
-90
-87
-88
-88
-85
-85
-90
-56
-56
-56
-56
-56
-93
-89
-83
-85
-89
-90
-89
-87
-88
-90
-87
-86
-90
-89
-88
-90
-91
-88
-90
-89
-89
-90
-89
-89
-90
-88
-87
-86
-87
-88
-90
-89
-90
-89
-90
-90
-89
-90
-87
-89
-89
-90
-90
-89
-90
-89
-60
-61
-61
-61
-61
-79
-90
-90
-87
-90
-90
-88
-90
-88
-87
-91
-91
-83
-90
-89
-89
-89
-88
-89
-89
-87
-87
-90
-88
-90
-84
-90
-88
-89
-90
-90
-89
-89
-89
-90
-90
-89
-91
-87
-86
-81
-79
-81
-81
-84
-87
-89
-89
-90
-90
-84
-90
-84
-90
-88
-87
-84
-90
-90
-89
-88
-88
-89
-89
-90
-90
-88
-84
-90
-90
-87
-87
-87
-91
-89
-87
-89
-91
-90
-89
-88
-87
-88
-90
-88
-89
-89
-91
-90
-88
-91
-89
-90
-90
-91
-87
-91
-86
-86
-91
-90
-87
-89
-89
-90
-36
-38
-38
-38
-38
-38
-90
-79
-90
-89
-87
-89
-87
-90
-90
-89
-90
-82
-87
-89
-90
-89
-90
-89
-89
-88
-88
-91
-90
-90
-90
-91
-86
-90
-89
-90
-87
-86
-90
-90
-90
-89
-87
-88
-88
-88
-89
-89
-88
-88
-89
-89
-90
-89
-91
-90
-90
-81
-90
-88
-90
-87
-87
-89
-89
-90
-89
-87
-89
-89
-89
-87
-89
-90
-90
-89
-90
-88
-90
-87
-90
-92
-90
-89
-90
-88
-90
-90
-89
-88
-90
-89
-89
-89
-89
-86
-90
-89
-90
-87
-82
-89
-90
-89
-90
-90
-90
-89
-89
-90
-91
-90
-90
-90
-89
-89
-90
-87
-88
-88
-89
-89
-90
-88
-88
-89
-84
-88
-88
-89
-90
-88
-84
-88
-88
-86
-90
-89
-84
-90
-91
-91
-89
-91
-89
-90
-88
-89
-88
-87
-85
-89
-90
-89
-88
-92
-89
-87
-87
-90
-87
-84
-86
-86
-90
-89
-88
-89
-90
-89
-89
-89
-91
-88
-90
-87
-91
-84
-87
-87
-90
-91
-89
-88
-89
-90
-89
-88
-90
-78
-79
-80
-82
-79
-82
-89
-88
-90
-89
-90
-88
-89
-25
-25
-25
-25
-25
-25
-90
-88
-60
-61
-61
-88
-84
-23
-25
-61
-89
-89
-89
-89
-90
-88
-90
-90
-88
-86
-90
-89
-87
-90
-90
-88
-88
-90
-90
-89
-87
-90
-89
-90
-90
-83
-90
-84
-89
-89
-84
-85
-90
-89
-88
-89
-88
-87
-88
-91
-90
-88
-89
-90
-87
-89
-89
-87
-84
-89
-90
-90
-83
-87
-91
-89
-88
-89
-88
-90
-89
-86
-90
-87
-90
-89
-89
-89
-91
-89
-88
-86
-88
-88
-90
-90
-89
-88
-89
-87
-88
-90
-88
-91
-90
-90
-90
-90
-90
-90
-88
-90
-88
-88
-89
-91
-87
-87
-90
-89
-89
-89
-91
-91
-87
-86
-88
-88
-88
-90
-88
-89
-85
-87
-86
-89
-88
-89
-87
-89
-88
-89
-90
-90
-88
-88
-91
-58
-41
-41
-41
-41
-41
-80
-89
-89
-90
-90
-90
-89
-88
-90
-83
-89
-87
-89
-90
-90
-87
-88
-88
-90
-90
-88
-90
-86
-91
-92
-90
-91
-90
-89
-87
-90
-89
-91
-84
-90
-88
-91
-89
-91
-85
-90
-89
-89
-84
-89
-89
-90
-83
-91
-90
-88
-84
-90
-89
-90
-87
-86
-91
-88
-88
-90
-89
-86
-89
-89
-90
-91
-89
-88
-88
-90
-87
-89
-87
-88
-89
-89
-89
-88
-89
-90
-91
-89
-90
-91
-89
-90
-90
-89
-88
-85
-91
-89
-90
-89
-86
-85
-90
-89
-89
-91
-88
-89
-85
-89
-89
-87
-88
-89
-88
-88
-88
-89
-89
-90
-90
-90
-89
-89
-89
-88
-88
-90
-87
-88
-89
-87
-89
-88
-87
-89
-89
-89
-91
-91
-89
-88
-89
-88
-87
-89
-88
-91
-89
-87
-91
-90
-89
-90
-88
-86
-86
-87
-86
-91
-90
-88
-87
-90
-91
-90
-89
-89
-91
-87
-90
-90
-90
-90
-88
-87
-89
-89
-91
-90
-91
-86
-89
-90
-90
-89
-88
-88
-89
-87
-87
-89
-90
-89
-90
-89
-91
-87
-88
-89
-88
-89
-88
-88
-87
-87
-89
-89
-85
-91
-89
-90
-90
-83
-88
-89
-90
-89
-84
-89
-90
-90
-90
-91
-90
-86
-87
-90
-89
-89
-89
-88
-87
-91
-91
-88
-90
-91
-90
-90
-90
-89
-84
-80
-89
-92
-88
-84
-89
-90
-90
-90
-88
-91
-89
-90
-91
-88
-90
-89
-90
-90
-89
-87
-91
-89
-90
-86
-91
-90
-89
-90
-90
-90
-89
-90
-88
-90
-90
-91
-90
-91
-90
-90
-88
-89
-90
-89
-87
-88
-88
-90
-90
-91
-88
-88
-89
-84
-90
-90
-88
-89
-90
-88
-90
-87
-90
-89
-90
-90
-88
-90
-91
-90
-91
-89
-90
-89
-90
-90
-90
-91
-90
-90
-88
-90
-90
-88
-89
-89
-90
-87
-92
-88
-90
-90
-88
-88
-89
-89
-90
-90
-89
-84
-84
-91
-89
-89
-89
-89
-82
-84
-90
-89
-90
-90
-89
-90
-90
-88
-89
-90
-89
-89
-91
-90
-88
-89
-84
-86
-90
-89
-89
-89
-89
-89
-90
-89
-88
-90
-92
-90
-89
-88
-82
-82
-84
-88
-88
-87
-86
-84
-86
-81
-82
-81
-88
-90
-90
-87
-90
-87
-88
-87
-90
-88
-89
-88
-88
-88
-89
-83
-84
-88
-90
-76
-70
-88
-90
-90
-87
-87
-88
-89
-86
-90
-89
-86
-90
-23
-26
-26
-26
-26
-26
-86
-88
-88
-90
-88
-89
-89
-89
-88
-90
-90
-88
-90
-91
-88
-90
-83
-89
-89
-89
-84
-89
-89
-85
-88
-84
-89
-90
-89
-90
-89
-87
-89
-90
-89
-66
-66
-66
-66
-66
-66
-66
-88
-91
-90
-91
-89
-88
-90
-82
-87
-87
-89
-87
-89
-89
-90
-84
-90
-88
-89
-86
-89
-90
-90
-90
-88
-88
-88
-89
-88
-89
-86
-88
-87
-90
-89
-89
-87
-88
-90
-89
-91
-89
-82
-89
-88
-83
-90
-90
-88
-90
-90
-87
-89
-89
-87
-91
-91
-90
-89
-88
-90
-89
-90
-85
-90
-89
-89
-89
-89
-90
-88
-89
-88
-88
-91
-89
-88
-90
-90
-88
-90
-88
-88
-90
-89
-90
-89
-89
-88
-88
-90
-88
-89
-90
-86
-88
-89
-91
-90
-88
-90
-89
-87
-89
-84
-90
-83
-90
-89
-90
-89
-89
-89
-84
-89
-91
-84
-88
-90
-85
-90
-87
-89
-84
-87
-90
-88
-89
-87
-90
-90
-89
-90
-88
-88
-90
-89
-89
-91
-89
-84
-89
-90
-89
-88
-88
-89
-90
-86
-90
-90
-90
-88
-89
-88
-88
-88
-87
-88
-88
-89
-90
-88
-89
-90
-87
-89
-90
-89
-89
-88
-87
-90
-87
-87
-86
-88
-91
-90
-89
-90
-89
-87
-88
-87
-85
-90
-91
-90
-89
-89
-89
-91
-90
-89
-90
-90
-90
-90
-90
-88
-87
-91
-88
-89
-91
-88
-89
-90
-90
-90
-89
-89
-90
-89
-89
-89
-90
-89
-88
-85
-90
-89
-91
-91
-89
-86
-88
-90
-90
-83
-89
-88
-87
-90
-89
-90
-88
-87
-90
-87
-89
-88
-90
-90
-90
-84
-88
-90
-90
-89
-87
-82
-90
-90
-88
-87
-90
-87
-88
-89
-90
-88
-89
-90
-90
-86
-91
-90
-90
-83
-89
-84
-90
-90
-86
-86
-83
-88
-82
-89
-87
-89
-88
-89
-89
-90
-90
-89
-87
-89
-89
-87
-90
-89
-91
-90
-88
-86
-90
-90
-88
-87
-90
-88
-89
-89
-89
-89
-90
-89
-90
-84
-90
-89
-83
-89
-90
-87
-89
-90
-89
-87
-90
-86
-90
-89
-89
-89
-88
-85
-90
-88
-90
-88
-85
-89
-90
-85
-89
-87
-87
-87
-88
-89
-87
-90
-83
-89
-90
-89
-89
-91
-86
-89
-91
-89
-88
-90
-88
-89
-89
-90
-89
-78
-89
-90
-90
-90
-90
-88
-88
-89
-88
-90
-88
-86
-90
-89
-83
-89
-90
-90
-89
-87
-89
-90
-89
-90
-90
-90
-90
-88
-86
-90
-90
-88
-90
-91
-89
-89
-89
-89
-91
-90
-90
-89
-90
-88
