0
522
1025
1529
2033
2537
3041
3564
4067
4571
5075
6195
6717
7220
7724
8228
8733
9237
9760
10264
10768
11272
11776
12280
13417
13920
14424
14929
15433
15956
16459
16963
17469
17972
18475
18997
19500
20003
21211
21714
22235
22738
23241
23745
24248
24752
25273
25775
26280
26785
27417
28334
29230
29734
30633
31542
32045
32549
33447
34340
35256
36150
36654
37158
38073
38967
39471
39976
40480
41003
41506
42010
42514
43019
43523
44046
44549
45053
46260
46763
47286
47790
48295
48798
49302
49805
50327
50830
51333
51836
52340
53568
54071
54574
55078
55581
56085
56606
57110
57615
58247
58751
59255
59778
60281
61569
62072
62576
63496
64386
65283
66198
66702
67599
68490
69011
69515
70801
71305
71809
72332
72835
73339
73843
74348
74852
75374
75877
76381
76885
77390
78613
79117
79621
80124
80627
81131
81652
82155
82659
83162
83665
84169
84691
85193
86399
86902
87405
87928
88432
89064
89568
90072
90576
91098
91601
92105
92609
93509
94419
95317
96209
96713
97627
98522
99026
99531
100840
101344
101848
102352
103269
104162
104665
105169
105673
106178
106700
107204
107708
108212
108716
109222
109743
110246
111453
111956
112459
112981
113484
113987
114490
114994
115497
116019
116522
117025
117529
118737
119260
119891
120395
120899
121403
121907
122431
122935
123439
123943
124447
124951
125867
126760
127263
128567
129070
129575
130473
131385
131888
132392
133291
134182
134704
135993
136497
137001
137505
138027
138531
139035
139539
140044
140548
141069
141572
142076
142579
143698
144219
144722
145225
145728
146232
146735
147257
147760
148263
148768
149273
149905
150821
151713
152216
152720
154027
154923
155813
156317
156841
157740
158635
159139
160055
160946
161449
161954
162458
162981
163485
163989
164493
164997
165501
166024
166528
167032
167536
168742
169264
169767
170272
170777
171280
171784
172305
172808
173312
173815
174318
174822
175958
176461
176965
177468
177971
178493
178996
179500
180005
180637
181141
181664
182167
182671
183957
184461
185378
186271
186774
187689
188582
189085
189589
190487
191398
191903
192407
193306
194213
194717
195221
195725
196229
196733
197256
197759
198264
198768
199272
199776
200298
201506
202009
202512
203016
203537
204040
204543
205047
205550
206054
206575
207078
207582
208700
209202
209724
210228
210733
211365
211869
212373
212896
213399
213903
214407
214911
215827
216719
217222
218512
219034
219537
220824
221327
221832
222355
223254
224145
225042
225954
226457
226961
227466
227970
228492
228995
229499
230003
230508
231012
231536
232038
232542
233747
234250
234772
235275
235778
236281
236785
237288
237810
238313
238816
239320
239823
241046
241550
242182
242686
243190
243694
244216
244719
245223
245727
246231
246735
247257
247760
248659
249554
250468
251364
251869
252373
253289
254180
254683
255972
256493
256996
257894
258785
259288
259811
260314
260818
261322
261827
262332
262853
263356
263859
264363
264866
265370
266505
267008
267512
268015
268518
269039
269542
270046
270549
271053
271558
272209
272713
274000
274503
275808
276311
276815
277713
278622
279125
280023
280914
281436
281939
282443
283342
284234
284756
285259
285764
286268
286772
287276
287798
288301
288806
289310
289814
291039
291542
292046
292550
293056
293559
294081
294584
295087
295591
296094
296597
297119
297622
298739
299242
299746
300267
300770
301274
301778
302283
302915
303437
303940
304444
304948
305847
306757
307260
308545
309048
309570
310467
311361
311865
312369
313285
314179
315077
315985
316488
316993
317497
318001
318505
319027
319530
320035
320539
321043
321547
322070
322573
323782
324285
324788
325310
325813
326316
326820
327323
327826
328348
328851
329354
329858
331063
331585
332087
332592
333097
333729
334233
334755
335258
335762
336266
336770
337274
338192
339085
339588
340891
341394
341898
342798
343691
344214
345110
346004
346508
347423
348314
348817
349322
349826
350348
350851
351356
351860
352364
352868
353390
353895
354398
354902
356019
356540
357042
357546
358049
358553
359056
359578
360081
360584
361088
361591
362094
362599
363825
364456
364960
365464
365986
366489
366993
367497
368001
368505
369027
369530
370428
371321
371825
372347
373246
374139
375037
375949
376453
376957
377856
378768
379272
380171
381063
381585
382089
382593
383097
383601
384106
384629
385132
385635
386138
386642
387145
387666
388873
389377
389880
390383
390905
391408
391911
392414
392918
393422
393946
394577
395097
396449
397006
397934
398825
399328
400246
401138
401641
402145
402649
403953
404456
405353
406250
406773
407276
407781
408285
408789
409293
409815
410319
410823
411327
411831
412336
413560
414064
414568
415072
415578
416100
416602
417106
417609
418113
418616
419138
419641
420850
421352
421856
422378
422880
423384
423887
424392
424897
425546
426050
426554
427058
427956
428866
429370
430658
431161
431684
432582
433085
433980
434501
435785
436288
436793
437711
438603
439106
439610
440114
440619
441141
441645
442149
442653
443157
443661
444184
444688
445192
446400
446903
447426
447929
448433
448936
449439
449943
450465
450968
451471
451974
452478
453700
454203
454706
455211
455716
456348
456869
457373
457877
458381
458885
459389
459911
460809
461700
462203
462725
464012
464515
465819
466322
466827
467724
468616
469138
470035
470928
471432
471936
472460
472965
473469
473973
474477
474981
475504
476008
476513
477016
477520
478743
479246
479749
480253
480756
481260
481781
482284
482787
483291
483794
484298
484819
486029
486534
487166
487688
488192
488696
489200
489704
490208
490712
491235
491739
492243
492747
494052
494948
495840
496343
496848
498153
498656
499160
500058
500971
501474
502374
502877
503789
504293
504797
505301
505805
506309
506834
507339
507842
508346
508849
509353
509874
511079
511581
512085
512588
513112
513615
514119
514622
515125
515629
516152
516656
517288
518187
519097
519600
520498
521392
521896
522418
523317
524208
525124
526015
526518
527022
528327
528830
529335
529839
530343
530847
531370
531874
532378
532882
533386
533891
534395
534917
536124
536628
537132
537654
538158
538662
539165
539668
540172
540675
541199
541702
542206
542709
543937
544440
544943
545447
545950
546454
546958
547483
548115
548619
549123
549627
550542
551434
551937
552837
553746
554249
555149
556040
556562
557460
558350
558854
559359
560662
561166
561670
562174
562697
563200
563705
564209
564713
565217
565721
566244
566748
567252
568460
568982
569485
569989
570492
570995
571499
572021
572523
573027
573530
574034
574537
575761
576264
576767
577271
577775
578298
578929
579433
579937
580441
580945
581467
581970
582474
583373
584265
585181
586073
586576
587080
588383
588887
589392
590289
591198
591702
592206
592710
594015
594518
595023
595527
596031
596535
597058
597561
598066
598570
599075
599579
600082
601309
601812
602316
602819
603340
603843
604347
604850
605353
605857
606379
606882
607385
608593
609097
609747
610251
610755
611259
611763
612267
612789
613292
613796
614300
614804
615704
616614
617514
618404
618926
619430
620718
621221
621725
622640
623143
624038
624936
625845
626348
626852
627356
627861
628382
628886
629390
629895
630399
630902
631423
631926
632429
633636
634138
634660
635162
635666
636169
636673
637176
637697
638200
638704
639209
639841
641146
641649
642153
642657
643961
644464
645362
646257
646761
647679
648569
649072
649576
650882
651386
651891
652395
652899
653421
653925
654429
654933
655437
655941
656464
656967
657471
658680
659184
659706
660210
660715
661219
661722
662225
662747
663250
663753
664257
664760
665985
666488
666992
667495
667998
668502
669024
669528
670033
670665
671168
671672
672195
672698
673988
674884
675793
676297
676801
677698
678611
679114
680012
680905
681426
681930
682830
683723
684226
684749
685252
685757
686261
686765
687269
687791
688294
688799
689303
689807
691030
691534
692037
692541
693044
693548
694069
694572
695075
695579
696082
696585
697107
698314
698816
699320
699823
700346
700850
701482
701986
702490
702994
703516
704019
704523
705422
706314
706839
707737
708629
709133
710049
710941
711444
711949
712454
713371
714263
715162
716070
716573
717077
717581
718086
718590
719112
719615
720120
720624
721128
721633
722155
722658
723865
724367
724871
725393
725895
726399
726902
727406
727909
728431
728934
729437
729940
731148
731670
732301
732805
733309
733813
734317
734840
735343
735847
736351
736855
737359
738662
739166
740064
740971
741474
742374
742877
743770
744292
745190
746083
746587
747502
748394
748897
749401
749906
750428
750931
751435
751940
752445
752948
753470
753973
754476
754980
756189
756711
757213
757717
758220
758724
759227
759749
760252
760755
761259
761764
762396
763313
764205
764708
766012
766515
767414
768308
768811
769336
770233
771125
771628
772151
772654
773941
774445
774949
775471
775975
776479
776983
777487
777991
778514
779017
779521
780025
781233
781755
782258
782763
783268
783771
784275
784796
785299
785802
786306
786809
787313
788537
789040
789543
790047
790550
791071
791574
792079
792584
793216
793719
794241
794744
795642
796534
797055
797951
798848
799352
800269
801162
801665
802169
802673
803978
804482
805767
806270
806791
807295
807799
808303
808807
809311
809834
810337
810841
811345
811850
812354
813578
814083
814586
815089
815593
816114
816617
817120
817624
818127
818630
819151
819654
820860
821363
821866
822388
822892
823397
824029
824533
825037
825561
826065
826569
827073
827973
828883
829386
830676
831179
831700
832599
833102
833999
834915
835807
836311
836815
837732
838626
839131
839635
840139
840643
841166
841669
842173
842677
843182
843686
844209
844712
845921
846424
846927
847451
847954
848458
848961
849464
849968
850489
850992
851495
851999
852502
853727
854231
854863
855367
855871
856394
856897
857401
857905
858409
858913
859417
859941
860839
861730
862233
862756
864043
864547
865854
866358
866862
867760
868653
869174
870073
870967
871470
871974
872496
873000
873505
874009
874513
875018
875540
876043
876547
877050
877553
878779
879282
879785
880289
880792
881295
881819
882323
882826
883329
883834
884339
884988
885886
886780
887697
888588
889091
889989
890899
891402
891906
892807
893700
894221
895118
896009
896512
897036
897539
898043
898547
899052
899556
900060
900584
901088
901593
902097
902601
903828
904332
904836
905340
905846
906349
906870
907374
907877
908380
908884
909387
909909
911114
911616
912120
912641
913144
913647
914151
914655
915160
915811
916315
916819
917323
918221
919132
919635
920923
921426
921930
922454
923354
924247
925163
926055
926559
927064
928368
928871
929375
929879
930384
930888
931411
931914
932418
932922
933427
933931
934435
934959
936167
936671
937175
937696
938198
938702
939205
939709
940212
940715
941238
941742
942245
942749
943973
944476
944979
945483
945988
946620
947142
947645
948149
948653
949157
949661
950576
951467
951971
952475
953391
954282
955179
956074
956595
957494
958385
958888
959392
960699
961202
961706
962210
962732
963236
963740
964244
964748
965252
965775
966278
966784
967287
968493
969015
969517
970021
970524
971028
971531
972053
972556
973059
973562
974066
974569
975703
976207
976712
977344
977848
978370
978873
979377
979881
980385
980889
981411
981914
982418
983317
984209
985123
986015
986518
987023
988328
988832
989336
990236
991144
991647
992151
992655
993959
994462
994967
995471
995975
996479
997002
997506
998010
998513
999017
999520
1000023
1001247
1001750
1002254
1002757
1003279
1003782
1004285
1004789
1005292
1005795
1006300
1006825
