0
504
1025
1529
2032
2535
3038
3541
4044
4567
5071
5574
6077
7296
7800
8303
8807
9310
9813
10316
10840
11343
11846
12349
12852
13355
14574
15078
15581
16084
16587
17112
17616
18119
18622
19125
19628
20148
20652
21852
22355
22875
23379
23882
24384
24887
25390
25893
26414
26919
27550
28055
28558
29468
30360
30864
31367
31870
32391
33286
34175
34678
35181
36093
36982
37485
37989
38901
39791
40295
40798
41709
42600
43104
43607
44110
44613
45134
45637
46140
46643
47146
47651
48171
48675
49178
49680
50183
51401
51905
52408
52910
53413
53916
54437
54941
55444
55946
56450
56954
58212
58716
59219
59722
60225
60746
61250
61753
62256
62759
63262
63783
64287
64790
65684
66626
67148
67687
68223
69168
70094
70988
71878
72381
72902
74184
74688
75191
76102
76993
77496
77999
78503
79006
79528
80031
80534
81037
81540
82042
82564
83067
83570
84772
85275
85796
86299
86802
87306
87810
88441
88966
89469
89972
90475
90978
91889
92778
93282
93785
94288
94809
95703
96682
97186
97689
98602
99491
99995
100888
101886
102390
102893
103396
104549
105288
105792
106295
106798
107319
107823
108326
108831
109333
109836
110339
110863
111366
111869
112372
112874
114184
114687
115190
115693
116196
116717
117220
117724
118228
118859
119363
119884
120388
120891
121394
122675
123196
123700
124203
124706
125599
126599
127102
127605
128108
129003
130000
130504
131007
131510
132013
132923
133905
134409
134912
135433
135937
137073
137813
138317
138838
139343
139846
140349
140852
141355
141875
142379
142881
143384
143887
144390
144911
145415
146621
147124
147627
148148
148653
149284
149788
150291
150794
151316
151820
152323
152826
153329
153832
154742
155632
156136
156639
157142
158054
159036
159540
160043
160563
161458
162347
162851
164151
164655
165158
166051
166957
167461
167964
168467
168970
169474
169995
170499
171001
171504
172007
172510
173031
173535
174823
175326
175829
176350
176854
177356
177859
178363
178867
179517
180021
180524
181027
181921
182829
183332
183835
184338
184841
185751
186732
187236
187739
188242
189155
190138
190642
191145
191666
192170
193307
194049
194553
195074
195578
196472
197454
197976
198480
198983
199486
199990
200493
201014
201518
202020
202523
203026
203529
204032
204555
205058
206258
206762
207283
207787
208289
208793
209297
209928
210450
210954
211457
211960
212463
213765
214269
214772
215275
216171
217078
217582
218477
219368
219889
220394
221677
222180
222683
223595
224485
224989
225492
226013
226517
227020
227523
228026
228529
229032
229556
230061
230564
231067
232288
232792
233294
233797
234300
234803
235306
235829
236333
236835
237338
237841
238344
239565
240069
240701
241205
241726
242230
242733
243236
243739
244242
244763
245267
245770
246273
247169
248165
248669
249172
249675
250570
251567
252071
252574
253077
253970
254878
255382
256276
257275
257779
258282
259176
260158
260680
261185
261688
262191
262694
263197
263717
264221
264724
265227
265729
266232
266753
267257
267760
268963
269466
269988
270493
271124
271628
272131
272634
273155
273659
274162
274665
275168
275671
276192
277087
277977
278481
278984
279505
280009
281291
281795
282316
282820
284099
284603
285106
286017
286908
287412
287915
288830
289723
290227
290730
291234
291755
292258
292761
293264
293767
294269
294791
295294
295797
296999
297503
298024
298528
299031
299533
300037
300541
301191
301695
302198
302701
303204
303707
304862
305604
306108
306611
307114
308025
308529
309419
309922
310443
310948
312085
312825
313328
313849
314353
315246
316228
316750
317253
317756
318259
319154
320153
320657
321160
321664
322167
322670
323191
323694
324197
324700
325203
325706
326227
326730
327233
327736
328939
329460
329964
330468
330971
331603
332107
332628
333132
333635
334138
334641
335144
335665
336169
337062
338040
338562
339066
339569
340463
341209
341969
342473
342976
343479
344615
345374
345877
346380
346883
347777
348779
349283
349786
350289
350792
351705
352690
353193
353696
354217
354721
355224
355727
356229
356732
357254
357757
358260
358763
359266
359769
360272
361491
362123
362627
363130
363651
364155
364658
365161
365664
366167
366688
367192
368085
368589
369478
370000
370504
371007
371902
372902
373406
373909
374412
375306
376302
376806
377309
377812
378315
379227
380210
380714
381217
381721
382224
383378
384120
384623
385126
385646
386150
386652
387155
387658
388161
388682
389186
389688
390191
390695
391199
392545
393050
393553
394056
394559
395079
395583
396086
396589
397092
397595
398116
398620
399515
400406
400909
401434
401937
403220
403724
404635
405525
406029
406532
407443
408336
408840
409734
410640
411143
411646
412149
412654
413157
413678
414181
414684
415187
415690
416193
416714
417218
418417
418921
419424
419944
420448
420950
421454
421958
422589
423111
423615
424118
424621
425516
426427
426931
428213
428717
429628
430373
431117
431621
432124
433274
434016
434519
435022
435543
436438
437327
437830
438333
438855
439359
439862
440365
440868
441371
441892
442396
442900
443403
444603
445125
445628
446131
446634
447137
447639
448161
448664
449167
449670
450173
450675
451197
452398
452903
453534
454038
454562
455066
455569
456072
456575
457078
457599
458103
458606
459501
460502
461006
461509
462012
462515
463413
464414
464918
465421
465924
467077
467817
468321
468824
469327
470239
471221
471725
472228
472731
473253
474147
475127
475631
476152
476656
477158
477661
478164
478667
479188
479692
480194
480697
481200
481703
482206
482731
484062
484566
485069
485590
486094
486597
487100
487603
488106
488627
489131
489634
490529
491419
491940
493224
493728
494621
495528
496032
496535
497428
498338
498841
499736
500480
501241
501745
502248
502751
503254
503757
504279
504783
505285
505788
506291
506794
507315
507819
509113
509616
510119
510640
511144
511646
512149
512652
513156
513678
514310
514814
515317
515820
516323
517233
518125
518629
519132
519635
520156
521052
521944
522447
522968
523472
524365
525348
525852
526373
526877
527770
528660
529182
530077
531057
531561
532064
532585
533089
533592
534095
534600
535102
535623
536127
536630
537132
537635
538453
539362
539866
540368
540871
541374
541895
542399
542902
543405
543909
544540
545063
545567
546070
546573
547853
548375
548878
549381
550661
551182
551686
552970
553474
553977
554887
555778
556282
557177
558087
558591
559094
559597
560100
560621
561125
561628
562131
562634
563137
563658
564161
564666
565955
566458
566979
567483
567986
568488
568991
569494
570015
570519
571022
571525
572027
572530
573663
574167
574671
575302
575807
576328
576831
577334
577837
578340
578843
579364
579868
580762
581744
582265
582769
583272
583775
584914
585674
586178
586681
587184
588463
588986
589490
590768
591272
591792
592687
593575
594079
594582
595103
595608
596111
596614
597117
597620
598140
598644
599147
599650
600152
601369
601873
602376
602879
603381
603884
604406
604910
605542
606046
606549
607052
607964
608854
609358
610253
611161
611665
612948
613452
613976
614869
615760
616264
617175
618066
618570
619073
619576
620097
620601
621104
621607
622110
622613
623134
623638
624141
624644
625756
626280
626784
627286
627789
628292
628795
629316
629820
630323
630825
631328
631831
632352
633555
634059
634561
635065
635587
636219
636723
637226
637729
638232
638753
639257
639760
640263
641542
642066
642570
643073
643576
644469
645470
645974
646477
646980
647895
648876
649379
649882
650385
650888
651803
652784
653288
653791
654313
655209
656099
656604
657107
657627
658131
658634
659137
659639
660142
660663
661167
661670
662173
662675
663894
664398
664901
665404
665908
666539
667065
667568
668071
668574
669077
669580
670492
671383
671887
672390
672911
673806
674697
675201
676115
677005
677509
678402
678906
679814
680317
681210
682101
682622
683126
683629
684132
684635
685138
685659
686163
686667
687170
687673
688176
689394
689898
690401
690904
691406
691927
692430
692933
693436
693939
694442
694963
695467
695971
697305
697809
698333
698836
699339
699842
700345
700848
701370
701873
702376
702879
703382
704295
705275
705779
706282
706785
707306
708442
709184
709687
710190
710711
711606
712495
712999
713910
714799
715303
715806
716959
717703
718206
718709
719212
719715
720239
720742
721245
721748
722250
722753
723274
723778
724280
724783
725286
726503
727008
727639
728143
728646
729168
729672
730175
730678
731181
731684
732187
732711
733214
733717
734612
735520
736024
736527
737422
738312
738834
739730
740620
741124
741645
742925
743428
743931
744843
745732
746236
746739
747242
747746
748268
748771
749274
749777
750280
750783
751304
751807
752310
753599
754102
754624
755127
755630
756132
756636
757140
757789
758293
758796
759299
759802
760714
761692
762196
762699
763202
763723
764857
765597
766101
766604
767126
768022
769002
769506
770656
771396
771900
772795
773705
774209
774712
775215
775718
776239
776743
777246
777749
778253
778756
779277
779780
780893
781396
781899
782420
782924
783427
783929
784432
784935
785456
785960
786463
786966
787470
788818
789322
789825
790328
790831
791334
791855
792359
792862
793365
793868
794371
794892
795787
796767
797270
797774
798295
798799
799936
800678
801200
801704
802207
803101
804080
804605
805108
805611
806504
807412
807916
808420
809315
810205
810726
811230
811733
812236
812738
813241
813763
814266
814769
815272
815775
816994
817498
818001
818505
819137
819641
820162
820666
821169
821672
822175
822678
823199
824093
824985
825489
826009
826513
827016
828299
828803
829715
830604
831108
831611
832523
833414
833918
834814
835811
836314
836817
837320
837823
838326
838848
839353
839856
840359
840862
841364
841885
842388
842891
844092
844595
845116
845620
846123
846625
847128
847631
848153
848658
849289
849793
850688
851685
852189
852692
853195
853698
854847
855588
856092
856595
857098
858009
858902
859796
860703
861207
861710
862991
863513
864017
864520
865023
865526
866029
866532
867056
867560
868063
868566
869069
869573
870791
871294
871797
872300
872803
873326
873830
874332
874835
875338
875841
876362
876865
877368
878185
879077
879602
880234
880738
881241
881744
882265
882769
883272
883775
884278
884781
885284
885807
886311
887446
888187
888709
889214
889717
890611
891502
892024
892528
893421
894310
894832
895336
896229
897121
897625
898537
899427
899931
900435
900938
901462
901965
902468
902971
903474
903976
904497
905000
905503
906006
907117
907639
908142
908645
909149
909652
910284
910809
911312
911815
912318
912821
913324
913845
914743
915635
916139
916660
917164
918058
918562
919452
919974
920478
920981
921875
922874
923378
923881
924384
925277
926272
926776
927669
928649
929171
929674
930177
930682
931185
931687
932190
932714
933217
933720
934223
934726
935229
936450
936953
937456
937959
938462
938986
939490
939994
940625
941129
941650
942154
943049
943939
944443
944964
945468
946362
947252
947756
948668
949557
950061
950955
951865
952369
952872
953765
954674
955177
955680
956183
956686
957189
957713
958217
958720
959223
959726
960229
960752
961953
962456
962959
963462
963986
964489
964992
965495
965997
966500
967021
967524
968027
968530
969750
970255
970759
971390
971894
972397
972918
973422
973925
974428
974931
975434
975937
976461
977354
978244
978748
979269
979773
980670
981562
982066
982587
983091
983985
984963
985485
986380
987361
987865
988368
989281
990264
990768
991271
991793
992297
992800
993303
993805
994308
994829
995333
995836
996338
996841
997344
997847
999070
999573
1000076
1000580
1001102
1001734
1002238
1002741
1003244
1003747
1004268
1004772
1005275
1005778
1006671
1007579
1008083
1008586
1009089
1009985
1010892
1011396
1012290
1013179
1013702
1014205
1015486
1015990
1016493
1017406
1018298
1018802
1019305
1019826
1020329
1020832
1021335
1021840
1022343
1022845
1023369
1023872
1024375
1024878
1026097
1026601
1027104
1027607
1028109
1028612
1029133
1029637
1030140
1030643
1031147
