0
506
1029
1535
2040
2546
3052
4271
4777
5283
5788
6294
6799
7323
7828
8334
8840
9346
9852
10375
10881
11996
12502
13008
13531
14037
14542
15048
15554
16060
16583
17089
17596
18417
19308
19831
20336
20841
21347
21852
22357
22880
23385
23890
24395
24900
25406
26626
27132
27638
28275
28781
29304
29810
30315
30821
31326
31832
32355
32861
33757
34737
35242
35768
36274
36780
37286
37792
38704
39682
40187
40693
41199
41722
42228
43124
44109
44614
45141
45647
46544
47434
47959
48465
48970
49475
50370
51367
51872
52377
52882
53388
53893
54416
54921
55426
55932
56437
56943
57466
58103
58609
59505
60501
61007
61513
62408
63407
63912
64418
64923
65429
66727
67232
67738
68243
68750
69256
70552
71057
71563
72069
72575
73098
74378
74884
75390
75913
76419
76925
77430
77936
78443
78949
79475
79980
80485
80990
81496
82001
83221
83726
84232
84737
85242
85767
86273
86778
87284
87790
88445
88951
89848
90754
91276
92234
93171
93695
94847
95353
96097
96603
97108
98018
98908
99414
99920
100815
101723
102229
102735
103240
103746
104269
104775
105281
105787
106292
106798
107322
107828
109032
109539
110044
110567
111072
111578
112083
112588
113093
113616
114121
114626
115132
116244
116768
117273
117778
118284
118790
119427
119950
120456
120961
121467
121972
122478
123391
124281
124787
125293
126206
127100
127994
128885
129408
129914
130810
131703
132227
133123
134012
134518
135024
135548
136053
136559
137065
137571
138077
138600
139106
139613
140118
140623
141842
142347
142852
143358
143863
144368
144891
145396
145902
146407
146912
147417
148637
149143
149649
150286
150792
151315
151821
152327
152832
153338
153843
154367
154873
155378
156663
157186
157692
158972
159478
159984
161280
161786
162292
163187
164093
164598
165104
166002
166909
167415
167920
168426
168932
169438
169961
170468
170973
171478
171983
172489
173011
174212
174717
175222
175727
176250
176755
177260
177766
178271
178776
179300
179806
180835
181725
182248
183143
184034
184540
185045
185958
186848
187353
188648
189153
189659
190554
191443
191970
192476
192982
193488
193993
194499
195023
195529
196034
196540
197046
197552
198075
199279
199784
200290
200796
201321
201826
202331
202837
203342
203847
204370
204875
205380
206500
207005
207528
208034
208539
209044
209549
210055
210578
211215
211721
212227
212732
214029
214535
215041
215937
216843
217348
218243
219134
219657
220552
221443
221949
222455
223366
224260
224765
225271
225777
226300
226806
227312
227818
228323
228829
229352
229858
230364
231570
232077
232604
233109
233614
234119
234625
235130
235652
236157
236662
237168
237673
238806
239311
239816
240321
240827
241333
241988
242494
243000
243505
244011
244516
245040
245545
246441
247423
247946
248452
248957
250241
250746
251269
252550
253056
253562
254472
255217
255958
256464
256970
257493
258865
259371
259877
260400
260906
261412
261917
262425
262930
263453
263958
264463
264968
265474
265979
267199
267704
268209
268714
269219
269742
270247
270752
271258
271765
272401
272925
273430
273936
274831
275817
276344
276850
277356
277861
278756
279752
280257
280763
281269
281774
282690
283674
284180
284686
285192
285719
287002
287508
288013
288536
289042
289938
290919
291425
291948
292453
292961
293466
293971
294476
294999
295504
296009
296515
297020
297525
298048
298553
299755
300260
300765
301288
301794
302300
302937
303443
303949
304476
304981
305487
305992
306498
307410
308156
308899
309405
309911
310434
311328
312308
312815
313321
313848
314354
314859
315365
316666
317172
317678
318574
319555
320080
320586
321092
321597
322492
323490
323995
324500
325006
325511
326033
326539
327044
327549
328054
328559
329082
329587
330092
330598
331103
332322
332828
333465
333971
334477
334982
335505
336011
336516
337022
337527
338033
338556
339062
339959
340939
341444
341971
342478
342984
343879
344876
345382
345888
346393
347290
348284
348790
349296
349802
350308
351218
352197
352703
353210
353715
354238
355133
355638
356617
357122
357647
358152
358657
359163
359668
360173
360696
361201
361706
362212
362719
363355
364273
365018
365759
366264
366788
367293
367799
368695
369692
370197
370703
371209
371714
372609
373608
374114
374620
375126
376038
376784
377527
378033
378539
379062
379957
380936
381442
381948
382471
382977
383483
383990
384495
385000
385523
386028
386533
387038
387544
388049
388572
389775
390281
390786
391291
391814
392319
392825
393331
393968
394474
394998
395503
396009
396514
397411
398172
398916
399422
399927
400433
401343
402323
402828
403334
403840
404752
405258
405764
406747
407270
407776
408672
409654
410159
410682
411188
411694
412589
413587
414093
414600
415105
415611
416116
416638
417144
417649
418154
418659
419164
419687
420193
420698
421203
422409
422931
423437
423943
424580
425086
425591
426115
426620
427126
427631
428137
428643
429166
430062
430952
431458
431963
432486
432992
434271
434777
435300
435806
436312
437208
438098
438621
439517
440409
440915
441420
442715
443221
443727
444233
444757
445263
445768
446273
446778
447283
447806
448311
448817
449322
450437
450960
451465
451970
452475
452981
453486
453993
454650
455156
455662
456167
456673
457970
458476
458981
459487
459992
460515
461412
462392
462898
463421
463926
464822
465328
466219
466743
467249
467755
468650
469396
470157
470663
471169
471674
472570
473570
474076
474582
475089
475594
476117
476623
477128
477633
478138
478643
479166
479671
480176
480682
481884
482407
482912
483417
483923
484429
485066
485589
486095
486600
487106
487611
488526
489508
490013
490519
491024
491547
492442
493188
493932
494438
494962
495859
496604
497348
497872
498378
498884
499779
500526
501287
501793
502298
502804
503699
504695
505201
505708
506213
506718
507241
507747
508252
508757
509262
509767
510290
510795
511300
511806
512311
513531
514036
514542
515048
515685
516191
516714
517220
517726
518231
518737
519242
519766
520271
521168
521913
522658
523181
523686
524192
524698
525204
526117
527010
527516
528411
529408
529914
530420
530925
531431
532343
533322
533828
534334
534840
535364
536261
537244
537750
538255
538777
539282
539787
540293
540798
541303
541826
542331
542836
543341
543846
544352
544876
545905
546795
547301
547824
549107
549612
550118
551031
552015
552521
553027
553532
554055
554560
555459
556205
556950
557473
558368
559347
559853
560376
560882
561388
561894
562399
562905
563428
563934
564440
564946
565452
565959
566464
566991
568282
568787
569292
569816
570321
570826
571331
571836
572342
572864
573369
573875
574380
574886
575392
576741
577247
577752
578258
578763
579286
579792
580298
580803
581309
581814
582338
582844
583739
584719
585224
585752
586257
586763
587905
588664
589170
589676
590182
591078
591838
592582
593088
593593
594099
595010
595995
596502
597007
597513
598036
599175
599916
600421
600943
601449
601954
602459
602964
603469
603975
604501
605006
605512
606018
606655
607178
608076
609056
609562
610067
610979
611957
612462
612968
613491
613997
614892
615873
616378
616901
617408
617913
619049
619807
620313
620819
621325
621830
622981
623724
624230
624736
625242
625747
626271
626776
627284
627789
628294
628799
629322
629827
630332
630837
632041
632563
633069
633574
634079
634584
635089
635612
636118
636624
637261
637767
638273
638795
639301
640196
641177
641700
642206
642711
643607
644587
645114
645620
646126
646631
647529
648524
649030
649536
650041
650955
651936
652442
652948
653454
653959
654876
655859
656364
656870
657393
657901
658406
658911
659416
659921
660444
660949
661454
661960
662465
662970
663493
664695
665200
665705
666210
666733
667240
667876
668382
668888
669394
669917
670423
671563
672306
672829
673335
673840
674346
675241
675747
676655
677161
678057
678948
679476
679981
681266
681772
682295
683575
684081
684586
685092
685615
686121
686627
687132
687638
688145
688668
689174
689679
690184
691386
691909
692414
692919
693424
693929
694435
694958
695463
695968
696473
696979
697485
698924
699430
699936
700441
700964
701470
701976
702481
702987
703492
703998
704522
705027
705533
706429
707424
707931
708437
708942
709839
710834
711340
711846
712352
712858
714158
714663
715169
715675
716832
717575
718081
718588
719094
719599
720514
721492
721997
722502
723025
723530
724035
724540
725045
725551
726073
726578
727084
727589
728096
728733
729256
730153
731135
731641
732164
732670
733175
733681
734816
735339
736084
736589
737095
737600
738106
738629
739912
740418
740924
741430
741955
742851
743828
744334
744857
745363
745869
746764
747742
748268
748774
749281
749787
750292
750797
751320
751825
752330
752835
753340
753846
754368
754874
755379
756583
757088
757615
758120
758627
759264
759770
760292
760798
761303
761809
762315
762820
763326
764242
764988
765730
766235
766758
767263
767769
768275
769659
770165
770671
771176
771682
772188
773099
773989
774495
775001
775507
776030
777311
777817
778323
778830
779353
779858
781140
781646
782168
782673
783179
783684
784189
784694
785199
785727
786232
786737
787242
787748
788254
788909
790048
790789
791295
791818
792952
793697
794203
794726
795231
796127
797107
797613
798137
798642
799148
800044
801039
801545
802051
802557
803062
804216
804956
805462
805968
806473
806979
807502
808008
808514
809020
809527
810032
810555
811061
811566
812071
813273
813796
814301
814806
815311
815817
816322
816845
817350
817855
818361
818867
819504
820027
820533
821429
822412
822935
823441
823946
824452
825347
826255
826760
827266
827772
828667
829571
830078
830584
831089
831595
832508
833493
833998
834504
835010
835534
836430
837408
837914
838437
838943
839449
839956
840461
840966
841471
841998
842503
843008
843514
844019
844524
845047
846250
846755
847260
847782
848288
848793
849300
849937
850443
850966
851472
851977
852483
852989
853885
854882
855388
855894
856399
856905
858060
858801
859306
859813
860336
861232
862121
863017
863924
864430
864935
865832
866739
867244
867750
868256
868762
869268
869791
870298
870803
871308
871813
872319
872841
873346
874550
875055
875560
876083
876588
877093
877599
878104
878609
879132
879639
880276
881172
881918
882675
883180
883686
884192
885087
885610
886590
887096
887601
888107
889256
890001
890506
891013
891536
892432
893322
893828
894742
895728
896233
896739
897245
897751
898275
898780
899286
899792
900298
900805
901329
901834
902339
902844
903350
904566
905071
905576
906081
906586
907092
907619
908124
908629
909134
909640
910147
910801
911307
912204
913184
913707
914212
914718
915223
916120
917116
917621
918127
918633
919138
920291
921031
921537
922043
922549
923461
924206
924946
925452
925975
926481
927377
928358
928863
929387
929892
930398
930904
931411
931916
932439
932945
933450
933955
934460
934965
935488
935993
937287
937792
938298
938820
939326
939831
940337
940843
941480
942007
942513
943018
943524
944030
944940
945446
946338
946844
947349
947872
948768
949656
950161
950667
951191
951697
952833
953573
954096
954602
955108
955614
956510
957418
957924
958430
959325
960215
960741
961247
961754
962260
962765
963270
963793
964298
964803
965309
965814
966319
966842
967957
968463
968968
969473
969996
970502
971008
971645
972151
972657
973180
973686
974191
975325
976089
976595
977101
977606
978502
979406
979912
980808
981702
982227
983122
984016
984522
985028
985942
986833
987339
987845
988351
988878
989383
989889
990395
990901
991407
991931
992436
992941
993446
994666
995171
995676
996181
996687
997192
997697
998224
998729
999234
999740
1000245
1000751
1001884
1002521
1003027
1003532
1004055
1004561
1005067
1005572
1006078
1006583
1007089
1007616
1008512
1009258
1010002
1010525
1011030
1011537
1012042
1013182
1013937
1014443
1014948
1015454
1016751
1017257
1018152
1019041
1019547
1020070
1021349
1021855
1022361
1022885
1023390
1023896
1024401
1024906
1025411
1025934
1026439
1026944
1027450
1027955
1029262
1029768
1030273
1030778
1031283
1031789
1032313
1032950
1033456
1033962
1034467
1034973
1035887
1036867
1037373
1037878
1038401
1038907
1039413
1040552
1041295
1041818
1042324
1042830
1043726
1044724
1045230
1045736
1046241
1046747
1047904
1048644
1049150
1049655
1050161
1051073
1052057
1052563
1053068
1053576
1054098
1054603
1055109
1055614
1056119
1056624
1057129
1057652
1058157
1058662
1059168
1059673
1060893
1061398
1061903
1062409
1062915
1063569
1064075
1064581
1065086
1065592
1066098
1066621
1067126
1067632
1068528
1069508
1070031
1070537
1071042
1071548
1072443
1073350
1073855
1074361
1074867
1075373
1076525
1077265
1077771
1078277
1078782
1079306
1080442
1081182
1081687
1082211
1082716
1083614
1084594
1085100
1085622
1086127
1086633
1087138
1087643
1088148
1088671
1089176
1089682
1090187
1090692
1091197
1091720
1092226
1093429
1094066
1094572
1095098
1095604
1096110
1096615
1097121
1097626
1098150
1098655
1099161
1099667
1100172
1100678
1101589
1102484
1102990
1103496
1104407
1105152
1105894
1106400
1106906
1107428
1108563
1109304
1109810
1110333
1111474
1112214
1112720
1113226
1113750
1114256
1115149
1115655
1116651
1117157
1117662
1118167
1118672
1119177
1119700
1120205
1120710
1121216
1121721
1122226
1122732
1123259
1123896
1125035
1125777
1126301
1126806
1127312
1127818
1128713
1129705
1130210
1130716
1131221
1131727
1133021
1133526
1134032
1134538
1135044
1135959
1136849
1137354
1138249
1139244
1139750
1140256
1140762
1141268
1141791
1142297
1142802
1143308
1143814
1144321
1144844
1145349
1145855
1147147
1147652
1148174
1148680
1149185
1149690
1150195
1150700
1151223
1151728
1152233
1152739
1154046
1154553
1155190
1155696
1156201
1156707
1157230
1157735
1158241
1158747
1159252
1159758
1160281
1161177
1162159
1162664
1163170
1163693
1164199
1165094
1165600
1166598
1167104
1167610
1168116
1169250
1170009
1170515
1171020
1171526
1172421
1173417
1173923
1174428
1174936
1175441
1176352
1177245
1177751
1178256
1178761
1179284
1179789
1180294
1180799
1181304
1181810
1182332
1182838
1183343
1183849
1184355
1184992
1185905
1186796
1187302
1187807
1189105
1189611
1190116
1191012
1192014
1192519
1193025
1193530
1194036
1194542
1195456
1196203
1196946
1197452
1198364
1199345
1199851
1200356
1200862
1201389
1201895
1202400
1202906
1203412
1203918
1204441
1204946
1205454
1205959
1206464
1206969
1207492
1208606
1209112
1209617
1210122
1210645
1211150
1211655
1212160
1212665
1213171
1213694
1214199
1214706
1215343
1216239
1217233
1217739
1218245
1218750
1219256
1220167
1221145
1221651
1222156
1222662
1223575
1224553
1225058
1225564
1226088
1226594
1227490
1228385
1228890
1229413
1229919
1230425
1231705
1232228
1232734
1233240
1233746
1234251
1234757
1235280
1235788
1236293
1236798
1237303
1237808
1238314
1238840
1239346
1239851
1241141
1241664
1242169
1242674
1243179
1243684
1244190
1244713
1245220
1245856
1246362
1246868
1247374
1247897
1248795
1249775
1250280
1250786
1251309
1251815
1253094
1253600
1254123
1254629
1255135
1256031
1257008
1257531
1258037
1258543
1259049
1259945
1260940
1261445
1261951
1262457
1262963
1264348
1264854
1265360
1265865
1266373
1266896
1267401
1267906
1268411
1268916
1269422
1269944
1270450
1270955
1271460
1271965
1272470
1273697
1274202
1274707
1275213
1275719
