lenData: 5184
lenData: 5185
23950 0 -1
23951 0 -1
23952 0 -1
23953 0 -1
23954 0 -1
23955 0 -1
23957 0 -1
23958 0 -1
23959 0 -1
23960 0 -1
23961 0 -1
23962 0 -1
23964 0 -1
23965 0 -1
23966 0 -1
23967 0 -1
23968 0 -1
23969 0 -1
23970 0 -1
23972 0 -1
23973 0 1
23974 0 1
23975 0 1
23976 0 1
23977 0 1
23978 0 1
23979 0 1
23980 -1 1
23981 0 1
23982 0 1
23983 0 1
23984 0 1
23985 0 1
23986 0 1
23987 0 1
23988 0 1
23989 0 -1
23990 0 1
23991 0 1
23992 0 -1
23993 0 1
23994 0 1
23995 0 1
23996 0 1
23997 0 1
23998 0 1
23999 -1 1
24000 0 1
24001 0 1
24002 0 1
24003 0 1
24004 -1 1
24005 0 1
24006 0 1
24007 0 1
24008 0 1
24009 0 1
24010 0 1
24011 0 -1
24012 0 1
24013 0 1
24014 0 1
24015 0 -1
24017 0 -1
24018 0 1
24019 0 1
24021 0 -1
24022 0 1
24024 0 1
24025 0 1
24026 -1 2
24027 0 1
24028 -1 2
24029 0 2
24030 0 -1
24031 0 2
24033 0 2
24034 0 2
24035 0 2
24036 0 2
24037 0 2
24038 0 2
24039 0 2
24040 0 2
24041 0 -1
24042 0 2
24043 0 2
24044 0 2
24045 0 2
24046 0 2
24047 0 2
24048 0 2
24049 -1 2
24050 0 2
24051 0 2
24052 0 2
24053 0 2
24054 0 2
24055 -1 2
24056 0 2
24057 -1 2
24058 0 2
24059 0 2
24060 0 2
24061 0 2
24062 0 2
24063 0 2
24064 0 2
24065 0 2
24066 0 2
24067 0 2
24068 0 2
24069 0 2
24070 0 2
24071 0 2
24072 0 2
24073 0 2
24074 0 2
24075 0 2
24076 0 2
24077 0 2
24078 0 2
24079 0 2
24080 0 2
24081 0 2
24082 0 2
24083 0 0
24084 0 2
24085 0 0
24086 0 0
24087 0 2
24088 0 2
24089 0 2
24090 0 2
24091 0 0
24092 0 2
24093 0 2
24094 0 2
24095 0 2
24096 0 0
24097 0 2
24098 0 0
24099 0 2
24100 0 2
24101 0 2
24102 0 2
24103 0 2
24104 0 2
24105 0 0
24106 0 2
24107 0 0
24108 0 -1
24109 0 2
24110 0 0
24111 0 2
24112 0 2
24113 0 2
24114 0 2
24115 0 2
24116 0 2
24117 -1 2
24118 0 2
24119 0 2
24120 0 2
24121 0 2
24122 0 2
24123 0 2
24124 0 2
24125 0 -1
24126 0 2
24127 0 2
24128 0 2
24129 0 0
24130 0 2
24131 0 2
24132 0 2
24133 0 2
24134 0 2
24135 0 2
24136 0 2
24137 0 2
24138 0 2
24139 0 2
24140 0 2
24141 0 2
24142 0 2
24143 0 2
24144 0 2
24145 0 2
24146 0 2
24147 -1 2
24148 0 2
24149 0 2
24150 0 2
24151 0 0
24152 0 2
24153 0 2
24154 0 0
24155 0 0
24156 0 0
24157 0 2
24158 0 2
24159 0 2
24160 0 2
24161 0 0
24162 -1 0
24163 0 2
24164 0 0
24165 0 0
24166 0 -1
24167 0 2
24168 0 0
24169 0 -1
24170 0 0
24171 0 0
24173 -1 2
24174 0 2
24175 0 2
24176 0 0
24177 -1 0
24179 0 0
24180 0 0
24181 0 0
24182 0 0
24183 0 0
24184 0 0
24185 0 0
24186 0 0
24187 0 -1
24188 0 2
24189 0 0
24190 0 0
24192 0 0
24193 0 0
24194 0 0
24195 0 0
24196 0 0
24197 0 0
24198 0 0
24199 0 -1
24200 0 2
24201 0 2
24202 0 0
24203 0 0
24204 0 2
24205 0 0
24206 0 2
24207 0 0
24208 0 0
24209 0 0
24210 0 0
24211 0 0
24212 -1 0
24213 0 0
24214 0 2
24215 -1 0
24216 0 0
24217 0 0
24218 0 0
24219 0 0
24220 0 0
24221 0 0
24222 0 0
24223 0 0
24224 0 -1
24225 0 0
24226 -1 0
24227 0 -1
24228 0 0
24229 0 2
24230 0 0
24231 0 0
24232 0 0
24233 0 0
24234 0 0
24235 0 -1
24236 0 2
24237 0 2
24238 0 0
24239 0 2
24240 0 2
24241 0 0
24242 0 -1
24243 0 0
24244 0 0
24245 0 2
24246 0 0
24247 -1 0
24248 0 -1
24249 0 0
24250 0 2
24251 0 2
24252 0 2
24253 -1 2
24254 0 2
24255 -1 2
24256 0 2
24257 0 -1
24258 0 2
24259 0 2
24260 0 2
24261 0 2
24262 0 2
24263 0 1
24264 0 1
24265 0 1
24266 0 1
24267 0 1
24268 0 1
24269 0 1
24270 0 -1
24271 0 1
24272 0 1
24273 0 1
24274 -1 1
24275 0 1
24276 -1 1
24277 0 1
24278 0 1
24279 0 1
24280 0 1
24281 0 1
24282 0 1
24283 0 1
24284 0 1
24285 0 1
24286 0 1
24287 -1 1
24288 0 1
24289 0 1
24290 0 1
24291 0 1
24292 0 1
24293 0 1
24294 0 1
24295 0 1
24296 0 1
24297 0 1
24298 -1 1
24299 0 1
24300 0 1
24301 -1 1
24302 0 -1
24303 0 1
24304 0 -1
24305 0 -1
24306 0 1
24307 0 1
24308 0 1
24309 0 1
24310 0 1
24311 0 1
24312 0 1
24313 0 1
24314 0 1
24315 0 1
24316 0 1
24317 0 -1
24318 0 1
24319 0 1
24320 0 1
24321 0 1
24322 0 1
24323 0 1
24324 0 1
24326 0 1
24327 0 1
24328 -1 1
24329 0 1
24330 0 1
24331 0 1
24332 0 1
24333 0 1
24334 0 2
24335 0 1
24336 0 -1
24337 0 2
24338 0 1
24339 0 1
24340 0 1
24341 0 -1
24342 0 1
24343 0 1
24344 0 1
24345 0 2
24346 0 2
24347 0 1
24348 0 2
24349 -1 1
24350 0 2
24351 0 1
24352 -1 2
24353 0 1
24354 0 2
24355 0 1
24356 0 1
24357 0 2
24358 0 1
24359 0 2
24360 0 2
24361 0 1
24362 0 1
24363 0 1
24364 0 1
24365 0 1
24366 0 1
24367 0 1
24368 0 1
24369 0 1
24370 0 1
24371 0 1
24372 0 1
24373 0 1
24374 0 1
24375 0 1
24376 0 1
24377 0 -1
24378 0 1
24379 0 1
24380 -1 1
24381 0 -1
24382 0 1
24383 0 1
24384 0 1
24386 0 1
24387 0 1
24388 0 1
24389 0 1
24390 0 1
24391 0 1
24392 0 1
24393 0 1
24394 0 1
24395 0 1
24396 0 1
24397 0 1
24398 0 1
24399 0 1
24400 0 1
24401 -1 1
24402 0 -1
24403 0 1
24404 0 1
24405 0 1
24406 0 1
24407 0 1
24408 0 1
24409 0 1
24410 0 -1
24411 0 -1
24412 0 1
24413 0 1
24414 0 1
24415 -1 1
24416 0 1
24417 -1 1
24418 0 -1
24419 0 1
24420 0 -1
24421 0 1
24422 0 1
24423 0 1
24424 0 1
24425 0 1
24426 0 1
24427 0 1
24428 0 1
24429 0 1
24430 0 1
24431 0 1
24432 0 1
24433 0 1
24434 0 1
24435 0 1
24436 0 1
24437 -1 1
24438 0 1
24439 0 1
24440 -1 1
24441 0 1
24442 0 1
24443 0 1
24444 0 1
24445 0 1
24446 0 1
24447 0 1
24448 0 1
24449 0 1
24450 0 2
24451 0 1
24452 0 -1
24453 0 1
24454 0 2
24455 0 1
24456 0 1
24457 0 2
24458 0 1
24459 0 1
24460 0 1
24461 0 1
24462 0 2
24463 0 1
24464 0 1
24465 0 1
24466 0 1
24467 -1 1
24468 0 1
24469 -1 1
24470 0 2
24471 -1 1
24472 0 1
24473 0 1
24474 0 1
24475 0 1
24476 0 1
24477 0 1
24478 0 1
24479 -1 1
24480 0 1
24481 0 1
24482 0 1
24483 0 1
24484 0 1
24485 0 1
24486 0 1
24487 0 1
24488 0 1
24489 0 2
24490 0 1
24491 0 -1
24492 0 1
24493 0 1
24494 0 1
24495 0 1
24496 0 1
24497 0 2
24498 0 1
24499 0 1
24500 0 -1
24501 0 1
24502 -1 1
24503 0 1
24504 0 1
24505 0 -1
24506 0 1
24507 0 1
24508 0 1
24509 0 1
24510 0 1
24511 0 1
24512 0 1
24513 -1 1
24514 0 1
24515 0 1
24516 0 1
24517 0 1
24518 0 1
24519 0 1
24520 -1 1
24521 0 1
24522 0 1
24523 0 1
24524 0 1
24525 0 1
24527 -1 1
24528 0 1
24529 0 1
24530 0 1
24531 0 1
24532 0 1
24533 0 1
24534 0 -1
24535 0 1
24536 0 1
24537 0 1
24538 0 1
24539 0 1
24540 0 1
24541 0 1
24542 0 1
24543 0 1
24544 0 1
24545 0 1
24546 0 1
24547 0 1
24548 -1 1
24549 0 1
24550 0 1
24552 0 1
24553 0 1
24554 0 1
24555 0 1
24556 0 1
24557 -1 1
24558 0 1
24559 0 1
24560 0 1
24561 0 1
24562 0 1
24563 0 1
24564 0 1
24565 0 1
24566 -1 1
24567 0 1
24568 0 1
24569 0 -1
24570 0 1
24571 0 1
24572 0 1
24573 0 1
24574 0 -1
24575 0 1
24576 -1 1
24577 -1 1
24578 0 1
24579 0 2
24580 0 1
24581 0 1
24582 0 1
24583 -1 1
24584 0 1
24585 0 1
24586 0 -1
24587 0 1
24588 0 1
24589 0 1
24590 0 1
24591 0 1
24592 0 1
24593 0 1
24594 -1 1
24595 0 1
24596 0 2
24597 0 2
24598 0 2
24599 0 -1
24600 0 2
24601 0 2
24602 0 2
24603 0 2
24604 0 2
24605 0 -1
24606 0 2
24607 0 2
24608 -1 2
24609 0 2
24610 0 1
24611 0 2
24612 -1 2
24613 0 2
24614 0 2
24615 0 -1
24616 0 2
24617 0 1
24618 0 2
24619 0 1
24620 0 1
24621 0 2
24622 0 1
24623 -1 2
24624 0 -1
24625 0 2
24626 0 1
24627 0 2
24628 -1 2
24629 0 1
24630 0 2
24631 0 2
24632 0 2
24633 0 1
24634 0 1
24635 0 2
24636 0 2
24637 0 2
24638 0 2
24639 0 2
24640 0 2
24641 0 2
24642 -1 1
24643 0 2
24644 0 2
24645 0 1
24646 0 2
24647 0 2
24648 0 2
24649 0 2
24650 -1 2
24651 0 2
24652 0 2
24653 0 2
24654 0 2
24655 0 2
24656 0 1
24657 0 2
24658 0 2
24659 -1 2
24660 0 -1
24661 0 2
24662 0 2
24663 0 2
24664 0 2
24665 0 2
24666 0 2
24667 0 2
24668 0 2
24669 0 -1
24670 0 2
24671 0 2
24672 0 2
24673 0 2
24674 0 2
24675 0 2
24676 0 2
24677 0 2
24678 0 2
24679 0 2
24680 0 2
24681 0 2
24682 0 -1
24683 0 2
24684 0 2
24685 0 -1
24686 0 2
24687 0 2
24688 0 -1
24689 0 2
24690 0 2
24691 0 2
24692 0 2
24693 0 2
24694 0 2
24695 0 2
24696 0 2
24697 0 2
24698 0 2
24699 0 2
24700 0 2
24701 0 2
24702 0 2
24703 0 2
24704 0 2
24705 0 2
24706 0 2
24707 0 2
24708 0 2
24709 0 2
24710 0 2
24711 0 2
24712 -1 2
24713 0 2
24714 0 2
24715 -1 2
24716 0 2
24717 0 2
24718 0 2
24719 0 2
24720 0 2
24721 0 -1
24722 0 2
24723 0 2
24724 0 -1
24725 0 2
24726 0 2
24727 0 2
24728 0 2
24729 0 2
24731 0 2
24732 0 2
24733 0 -1
24734 0 2
24735 0 2
24736 0 2
24737 0 2
24738 0 2
24739 0 2
24740 0 2
24741 0 2
24742 0 2
24743 0 2
24744 0 2
24745 0 -1
24746 0 2
24747 0 -1
24748 0 2
24749 0 2
24750 0 2
24751 0 2
24752 0 2
24753 0 2
24754 0 2
24755 0 2
24756 0 2
24757 0 2
24758 0 2
24759 0 2
24760 -1 2
24761 0 2
24763 0 2
24764 0 2
24765 0 2
24766 0 2
24767 0 2
24768 0 2
24769 0 2
24770 0 2
24771 0 -1
24772 0 2
24773 0 2
24774 0 2
24775 0 2
24776 0 2
24777 0 2
24778 0 2
24779 0 2
24780 -1 2
24781 0 2
24782 0 2
24783 0 2
24784 -1 1
24785 0 2
24786 0 2
24787 0 2
24788 0 2
24789 0 2
24790 0 1
24791 0 2
24792 -1 2
24793 0 2
24794 0 1
24795 -1 1
24796 0 2
24797 0 1
24798 0 -1
24799 0 2
24800 0 2
24801 0 2
24802 0 2
24803 0 2
24804 0 2
24805 0 2
24806 0 2
24807 0 2
24808 0 2
24809 0 2
24810 0 -1
24811 0 2
24812 0 2
24813 0 1
24814 0 2
24815 0 2
24816 0 2
24817 0 2
24818 0 2
24819 0 1
24820 0 2
24821 0 2
24822 0 2
24823 0 2
24824 0 2
24825 0 2
24826 0 2
24827 0 2
24828 0 2
24829 0 2
24830 0 2
24831 0 2
24832 0 2
24833 0 2
24834 0 2
24835 0 2
24836 0 2
24837 0 2
24838 0 2
24839 0 2
24840 0 2
24841 0 -1
24842 0 -1
24843 0 2
24844 0 2
24845 0 2
24846 0 2
24847 0 2
24848 0 2
24849 0 1
24850 0 1
24851 0 2
24852 0 1
24853 0 1
24854 -1 1
24856 0 1
24857 0 1
24858 0 1
24859 0 2
24860 0 2
24861 0 2
24862 0 2
24863 0 -1
24864 0 2
24865 0 2
24866 0 2
24867 -1 2
24868 0 2
24869 0 2
24870 -1 2
24871 0 2
24872 0 2
24873 0 2
24874 -1 2
24875 0 0
24876 0 0
24878 0 0
24879 0 0
24880 0 0
24881 0 0
24882 0 0
24883 0 0
24884 0 0
24885 0 0
24886 0 0
24888 0 0
24889 0 0
24890 0 0
24891 0 -1
24892 0 0
24893 0 0
24894 0 0
24895 0 0
24896 0 0
24897 0 0
24898 0 0
24899 0 0
24900 0 0
24901 -1 0
24904 0 2
24905 0 2
24906 0 0
24907 0 -1
24908 0 0
24909 0 0
24910 0 0
24911 0 0
24912 0 -1
24913 0 0
24915 0 0
24916 0 0
24917 0 0
24918 -1 2
24919 0 0
24920 0 2
24921 0 -1
24922 0 2
24923 0 0
24924 0 0
24925 0 0
24926 0 0
24927 0 0
24928 0 0
24929 0 0
24930 -1 0
24931 -1 0
24932 0 0
24933 -1 0
24934 0 0
24935 0 0
24936 0 0
24937 0 -1
24938 0 0
24939 0 0
24940 0 0
24941 0 0
24942 0 0
24943 0 0
24944 0 0
24945 0 0
24946 0 0
24947 0 0
24948 0 0
24949 0 0
24950 0 -1
24951 -1 0
24952 0 0
24953 0 0
24954 0 0
24955 0 -1
24956 0 -1
24957 0 2
24958 0 2
24959 0 1
24960 0 1
24961 0 -1
24962 0 1
24963 0 1
24964 0 1
24965 0 1
24966 0 1
24967 0 1
24968 0 1
24969 0 1
24970 0 1
24971 0 -1
24972 0 -1
24973 0 0
24974 0 0
24975 0 0
24976 0 0
24978 0 0
24979 0 0
24980 0 0
24981 0 0
24982 0 0
24983 0 0
24984 0 0
24985 0 0
24986 -1 0
24987 0 0
24988 0 0
24989 0 0
24990 0 0
24991 0 1
24992 0 2
24993 0 -1
24994 0 2
24995 0 2
24997 0 2
24998 0 2
24999 0 2
25000 0 2
25001 -1 2
25002 0 2
25003 -1 2
25004 0 2
25005 0 2
25006 0 -1
25007 0 2
25008 0 2
25009 0 2
25010 0 -1
25011 0 2
25012 0 2
25013 0 2
25014 0 2
25015 0 0
25017 0 0
25018 0 0
25019 0 0
25020 0 0
25021 0 0
25022 0 0
25023 0 0
25024 0 0
25025 0 -1
25026 0 -1
25027 0 0
25028 0 0
25029 0 0
25030 0 0
25031 0 0
25032 0 0
25033 0 0
25034 0 0
25035 0 0
25036 0 0
25037 0 0
25038 -1 0
25039 0 0
25040 0 0
25041 0 0
25042 0 0
25043 0 0
25044 0 0
25045 0 -1
25046 0 2
25047 0 2
25048 0 -1
25049 -1 2
25050 0 2
25051 0 2
25052 0 2
25053 0 2
25054 0 2
25055 0 2
25056 0 2
25057 0 2
25058 0 2
25059 0 2
25060 0 -1
25061 0 0
25062 0 2
25063 0 2
25064 0 2
25065 -1 2
25066 0 0
25067 0 0
25068 0 0
25069 0 -1
25070 0 0
25071 0 0
25072 0 0
25073 0 0
25074 0 0
25075 0 0
25076 0 0
25077 0 0
25078 0 0
25079 0 0
25080 0 0
25081 0 0
25082 0 0
25083 0 0
25085 0 0
25086 0 0
25087 0 0
25088 0 0
25089 0 0
25090 0 -1
25091 0 0
25092 0 0
25093 0 0
25094 0 0
25095 0 0
25096 0 0
25097 0 0
25098 0 0
25099 0 0
25100 0 0
25101 0 0
25102 0 0
25103 0 0
25104 0 0
25105 0 0
25106 0 0
25107 0 0
25108 0 0
25109 0 0
25110 0 0
25111 0 0
25112 0 0
25113 0 0
25114 0 0
25115 0 0
25116 0 0
25117 0 0
25118 0 0
25119 -1 0
25120 0 0
25121 0 0
25122 0 0
25123 0 0
25124 0 0
25125 0 0
25126 -1 0
25127 0 0
25128 0 0
25129 0 0
25130 0 0
25131 0 0
25132 0 2
25133 0 2
25134 0 2
25135 0 2
25136 0 2
25137 0 0
25138 0 0
25139 0 0
25140 0 0
25141 0 0
25142 -1 0
25143 0 0
25144 0 0
25146 0 0
25147 0 0
25148 0 0
25149 0 0
25150 0 -1
25152 0 0
25153 0 0
25154 0 -1
25155 0 0
25156 0 0
25157 0 0
25158 0 0
25159 0 0
25160 0 0
25161 0 0
25162 0 0
25163 0 0
25164 0 0
25165 0 0
25166 0 0
25167 0 0
25168 0 0
25169 0 0
25170 0 0
25171 0 0
25172 0 0
25173 0 0
25174 0 0
25175 0 0
25176 0 0
25177 0 0
25178 0 0
25179 0 0
25180 0 0
25181 0 0
25182 0 0
25183 0 -1
25184 0 0
25185 0 0
25186 0 0
25187 0 0
25188 -1 0
25190 0 0
25191 0 0
25192 0 0
25194 0 0
25195 0 0
25196 0 0
25197 0 0
25198 0 0
25199 0 0
25200 0 0
25201 0 0
25202 0 0
25203 0 0
25204 0 0
25205 -1 0
25206 0 0
25207 0 0
25208 0 0
25209 0 0
25210 0 0
25211 0 0
25212 0 -1
25213 0 2
25214 0 2
25215 0 2
25217 0 2
25218 0 2
25219 0 2
25220 0 2
25221 0 2
25222 0 2
25223 0 0
25224 0 -1
25225 0 0
25226 0 0
25227 -1 0
25228 0 0
25229 0 0
25230 0 0
25231 0 0
25232 0 0
25233 0 0
25234 0 0
25235 0 0
25236 0 0
25237 0 0
25238 0 0
25239 0 0
25240 0 2
25241 0 2
25242 0 2
25243 0 2
25244 0 2
25245 0 2
25246 0 2
25247 0 0
25248 0 2
25249 0 2
25250 0 2
25251 0 2
25252 0 2
25253 0 2
25254 0 2
25255 0 2
25256 0 2
25257 -1 2
25258 0 2
25259 0 2
25260 0 1
25261 0 1
25262 0 2
25263 -1 2
25264 0 -1
25265 0 2
25266 0 2
25267 0 2
25268 0 2
25269 0 -1
25270 0 -1
25271 0 2
25272 0 2
25273 0 2
25274 0 2
25275 0 2
25276 0 2
25277 0 2
25278 0 2
25279 0 2
25280 -1 2
25281 0 2
25282 0 2
25283 0 2
25284 0 2
25285 0 0
25286 0 0
25287 0 0
25288 0 0
25289 0 0
25290 0 0
25291 0 -1
25292 0 -1
25293 0 -1
25297 0 -1
25298 0 2
25299 0 2
25300 0 2
25301 0 2
25302 0 2
25303 0 0
25305 0 0
25306 -1 0
25307 0 0
25308 0 2
25309 0 2
25310 0 0
25311 -1 0
25312 0 2
25313 0 0
25315 -1 0
25316 0 0
25317 0 0
25318 0 0
25319 0 0
25320 0 0
25321 0 0
25322 0 0
25323 0 0
25324 0 0
25325 0 0
25326 0 0
25327 0 0
25328 -1 0
25329 0 0
25330 0 0
25331 0 0
25332 0 0
25333 0 0
25334 0 0
25335 0 0
25336 0 0
25337 0 0
25338 0 0
25339 0 -1
25340 0 0
25341 0 0
25342 0 0
25343 0 0
25344 0 0
25345 -1 0
25346 0 0
25347 -1 0
25348 -1 0
25349 0 0
25350 0 0
25351 0 0
25352 0 0
25353 0 0
25354 0 0
25355 0 0
25356 0 0
25357 0 0
25358 0 -1
25359 0 0
25360 0 0
25361 0 0
25362 0 0
25363 0 0
25364 0 0
25366 0 0
25367 0 0
25368 0 -1
25369 0 0
25370 0 0
25371 0 0
25372 0 0
25373 0 0
25374 0 0
25376 -1 2
25377 0 2
25378 -1 2
25379 0 2
25380 0 2
25381 0 2
25382 0 2
25383 0 -1
25384 0 2
25385 0 2
25386 0 0
25387 0 0
25388 -1 0
25389 0 -1
25390 0 2
25391 0 0
25392 0 0
25393 0 0
25394 0 0
25395 0 0
25396 0 -1
25397 0 -1
25398 0 0
25399 0 0
25400 0 0
25401 0 0
25402 0 0
25403 -1 0
25404 0 0
25405 0 0
25406 -1 0
25407 0 0
25408 0 0
25409 0 0
25410 0 0
25411 0 0
25412 -1 0
25413 0 0
25414 0 2
25415 0 2
25416 0 2
25417 0 2
25418 0 2
25419 0 2
25420 0 2
25421 0 -1
25422 0 1
25423 0 1
25424 0 1
25425 0 1
25426 0 1
25427 0 -1
25428 0 1
25429 -1 1
25430 0 1
25431 0 -1
25432 0 1
25433 0 -1
25434 0 1
25435 0 1
25436 0 1
25437 0 1
25438 0 1
25439 0 1
25440 0 1
25441 0 1
25442 0 1
25443 0 -1
25444 0 1
25445 -1 1
25446 0 1
25447 0 -1
25448 0 1
25449 0 1
25450 0 -1
25451 0 2
25452 0 2
25454 0 2
25455 0 2
25456 0 2
25457 0 2
25458 0 2
25459 0 -1
25460 0 2
25461 -1 2
25462 0 2
25463 0 2
25464 0 2
25465 0 2
25466 0 2
25467 0 2
25468 0 2
25469 0 2
25470 0 2
25472 0 2
25473 0 2
25474 0 1
25475 -1 1
25476 0 2
25477 0 1
25478 0 2
25479 0 1
25480 0 1
25481 0 1
25482 0 2
25483 0 2
25484 0 -1
25485 0 1
25486 0 2
25487 0 1
25488 0 -1
25489 0 1
25490 0 1
25491 0 1
25492 0 2
25493 -1 1
25494 0 1
25495 0 1
25496 0 1
25497 0 2
25498 0 1
25499 0 1
25500 0 1
25501 0 1
25502 0 -1
25503 0 2
25504 0 2
25505 0 2
25506 0 -1
25507 0 2
25508 0 2
25509 0 2
25511 0 2
25512 0 2
25513 0 2
25514 0 2
25515 0 2
25516 0 1
25517 0 2
25518 0 2
25519 -1 1
25520 0 1
25521 -1 1
25522 0 1
25523 0 1
25524 0 1
25525 0 -1
25526 0 1
25527 0 1
25528 0 1
25529 0 1
25530 0 1
25531 0 1
25532 0 2
25533 0 1
25534 0 1
25535 0 2
25536 0 1
25537 0 2
25538 0 2
25539 0 -1
25540 0 1
25541 0 2
25542 0 2
25543 0 2
25544 0 1
25545 0 2
25546 0 2
25547 0 2
25548 0 2
25549 0 2
25550 0 2
25551 0 2
25552 0 2
25553 0 2
25554 0 2
25555 -1 2
25556 0 -1
25557 0 2
25558 0 2
25559 -1 2
25560 -1 2
25561 0 2
25562 0 -1
25563 0 2
25564 0 2
25565 -1 2
25566 0 2
25567 0 2
25568 -1 2
25569 0 2
25570 0 2
25571 0 2
25572 -1 2
25573 0 2
25574 0 2
25575 0 2
25576 0 2
25577 0 2
25578 0 2
25580 0 2
25581 0 2
25582 0 -1
25583 0 0
25584 0 2
25585 0 0
25586 0 0
25587 0 0
25588 0 0
25589 0 0
25590 0 0
25591 0 0
25593 -1 0
25594 0 0
25595 0 0
25596 0 0
25597 -1 0
25598 0 0
25599 0 0
25600 0 -1
25601 0 0
25602 0 0
25603 0 0
25604 0 0
25606 0 0
25607 0 0
25608 0 0
25609 0 0
25610 0 0
25611 0 -1
25612 0 0
25613 0 0
25614 0 0
25615 0 0
25616 -1 0
25617 0 0
25618 0 0
25619 0 -1
25620 -1 0
25621 0 0
25622 0 0
25623 0 0
25624 0 0
25625 0 0
25626 0 0
25627 0 0
25628 0 0
25629 0 0
25630 0 -1
25631 0 0
25632 0 0
25633 0 -1
25634 0 0
25635 0 0
25636 0 0
25637 0 -1
25638 0 0
25639 0 0
25640 0 0
25641 0 0
25642 0 0
25643 0 0
25644 0 0
25645 0 0
25646 0 0
25647 -1 0
25648 0 0
25649 0 0
25650 0 0
25651 0 0
25652 0 0
25653 0 0
25654 0 0
25655 0 0
25656 -1 0
25657 0 0
25659 0 0
25660 0 0
25661 0 0
25662 0 0
25663 0 0
25664 0 0
25665 0 0
25666 0 0
25667 0 0
25668 0 0
25669 0 -1
25670 0 0
25671 0 0
25672 0 0
25673 0 0
25674 0 0
25675 0 0
25676 0 0
25677 0 0
25679 0 -1
25680 0 0
25681 0 -1
25682 0 0
25683 0 2
25685 0 2
25686 0 2
25687 0 2
25688 0 0
25689 0 0
25691 0 2
25692 0 2
25693 0 2
25694 0 -1
25695 0 2
25696 0 2
25697 0 1
25698 0 2
25699 0 1
25700 0 1
25701 0 1
25702 0 1
25703 0 1
25704 -1 1
25706 0 1
25707 0 -1
25708 0 1
25709 0 1
25710 0 1
25712 0 1
25713 0 1
25714 -1 1
25715 0 1
25716 0 1
25717 0 1
25718 0 1
25719 0 1
25720 0 1
25722 0 1
25723 0 2
25724 0 2
25725 0 2
25726 0 2
25727 0 2
25728 0 2
25729 0 2
25730 0 2
25731 0 -1
25732 0 2
25733 0 2
25734 0 2
25735 0 1
25736 0 1
25737 0 1
25738 0 1
25739 0 1
25740 0 1
25741 0 1
25742 0 -1
25743 0 1
25744 0 1
25745 0 -1
25746 0 1
25747 0 1
25748 0 1
25749 0 1
25750 0 1
25751 0 1
25752 0 1
25753 0 1
25754 0 1
25755 0 1
25756 0 1
25757 0 1
25758 0 1
25759 0 1
25760 0 -1
25761 -1 1
25762 0 1
25763 0 -1
25764 0 1
25765 -1 1
25766 0 1
25767 0 1
25768 0 1
25769 0 1
25770 0 -1
25771 0 1
25772 0 1
25773 0 1
25774 0 -1
25775 0 1
25776 0 1
25777 0 1
25778 0 1
25779 0 1
25780 0 1
25781 0 1
25782 0 1
25783 0 1
25784 0 1
25785 -1 1
25786 0 1
25787 -1 1
25788 0 1
25789 0 1
25790 -1 1
25791 0 1
25792 0 1
25793 0 1
25794 0 1
25795 0 1
25796 0 1
25797 0 1
25798 0 1
25799 -1 1
25800 0 1
25801 0 1
25802 0 1
25803 0 1
25804 0 1
25805 0 1
25806 0 1
25807 0 1
25808 0 1
25809 0 1
25810 0 -1
25811 0 1
25812 0 1
25813 0 1
25814 0 1
25815 0 1
25816 0 1
25817 0 1
25818 0 1
25819 0 1
25820 0 1
25821 0 2
25822 0 -1
25823 0 -1
25825 0 1
25826 0 1
25827 0 1
25828 0 2
25829 0 1
25830 0 1
25831 0 1
25832 0 2
25833 0 1
25834 0 2
25835 0 -1
25836 0 2
25837 0 2
25838 0 2
25839 0 2
25840 0 -1
25841 0 2
25842 0 2
25844 0 2
25845 0 2
25846 0 2
25847 0 2
25848 0 2
25849 0 -1
25850 0 2
25851 0 2
25852 0 -1
25853 0 2
25854 0 2
25855 0 0
25856 0 2
25857 0 2
25858 0 2
25859 0 2
25860 0 -1
25861 0 2
25862 0 2
25864 0 2
25865 0 2
25866 0 2
25867 0 2
25868 0 2
25869 0 2
25871 0 1
25872 0 1
25873 -1 1
25874 0 1
25875 0 1
25876 0 1
25877 0 2
25878 -1 2
25879 0 2
25880 0 2
25881 0 2
25882 0 2
25883 0 2
25884 0 2
25885 0 2
25886 -1 2
25887 0 2
25888 0 2
25889 0 2
25890 0 2
25891 0 -1
25892 0 0
25893 0 0
25894 0 0
25895 0 -1
25896 0 0
25897 0 0
25898 0 0
25899 -1 0
25900 0 0
25901 0 0
25902 0 0
25903 0 0
25904 0 0
25905 0 0
25906 -1 0
25907 0 2
25908 0 0
25909 0 2
25910 0 2
25911 -1 2
25912 0 2
25913 -1 2
25914 0 2
25915 0 0
25916 0 0
25917 0 0
25918 0 0
25919 0 0
25920 0 0
25921 0 0
25922 0 0
25923 0 0
25924 0 -1
25925 -1 2
25926 0 2
25927 0 2
25928 0 2
25929 0 2
25930 0 2
25931 0 -1
25933 0 0
25934 0 0
25935 0 0
25936 0 0
25937 0 0
25938 0 -1
25939 0 0
25940 0 0
25941 0 0
25942 0 0
25943 0 0
25944 0 0
25945 0 0
25946 0 0
25947 0 0
25948 -1 0
25949 0 0
25950 0 0
25951 -1 0
25952 -1 0
25953 0 0
25954 0 0
25955 0 -1
25956 0 0
25957 0 0
25958 0 0
25959 0 0
25960 -1 0
25961 0 0
25962 -1 0
25963 -1 0
25964 0 0
25965 0 0
25966 0 -1
25967 0 0
25968 0 0
25969 0 0
25970 0 -1
25971 0 0
25972 0 0
25973 -1 0
25974 0 0
25975 -1 2
25976 0 2
25977 -1 2
25978 0 2
25979 0 2
25980 0 -1
25981 0 1
25982 0 1
25983 0 1
25984 -1 1
25985 0 1
25986 0 1
25987 0 1
25988 0 1
25989 0 -1
25990 0 1
25991 0 1
25992 0 1
25993 0 1
25994 0 1
25995 0 1
25996 0 2
25997 0 2
25998 0 2
26001 0 2
26002 0 2
26003 0 2
26004 0 2
26005 0 2
26006 0 2
26007 0 -1
26008 0 2
26010 0 2
26011 0 2
26012 0 2
26013 0 -1
26014 0 2
26015 0 2
26016 0 2
26017 0 2
26018 0 2
26019 0 2
26020 0 2
26021 0 2
26022 0 2
26023 0 2
26024 0 2
26025 0 2
26026 0 2
26027 0 2
26028 0 2
26029 0 2
26030 0 2
26031 0 2
26032 0 2
26033 0 2
26034 0 2
26035 0 2
26036 0 2
26037 0 2
26038 0 2
26039 0 2
26040 0 2
26041 0 2
26043 0 2
26044 0 2
26045 0 2
26046 0 2
26047 0 2
26048 0 2
26049 0 2
26051 0 2
26052 0 2
26053 0 2
26054 -1 2
26055 0 2
26056 0 2
26057 0 2
26058 -1 2
26059 0 -1
26061 0 2
26062 0 2
26063 0 2
26064 0 2
26065 0 2
26066 0 2
26067 0 2
26068 0 2
26069 0 2
26070 0 2
26071 0 2
26072 0 2
26073 0 2
26074 0 2
26075 0 2
26076 0 2
26077 -1 2
26078 0 2
26079 0 2
26080 0 2
26081 0 2
26083 0 2
26084 0 2
26085 0 2
26086 0 2
26087 0 2
26088 0 2
26089 0 2
26090 0 2
26091 -1 2
26092 0 2
26093 0 2
26094 0 2
26095 0 2
26096 0 2
26098 0 -1
26099 0 2
26100 0 -1
26101 0 2
26102 0 2
26103 0 2
26104 0 2
26105 0 2
26106 -1 2
26107 0 2
26108 -1 2
26109 0 2
26110 0 2
26111 0 2
26112 0 2
26113 0 2
26114 0 2
26115 0 1
26116 0 1
26117 -1 1
26118 0 1
26119 0 1
26120 0 1
26121 0 1
26122 -1 1
26123 0 1
26124 0 1
26125 0 2
26126 0 1
26127 0 2
26128 0 2
26129 0 2
26130 0 2
26131 0 2
26132 0 2
26133 0 2
26134 -1 2
26135 0 2
26136 0 2
26137 0 0
26138 0 0
26139 0 0
26140 -1 0
26141 0 0
26142 0 0
26143 -1 0
26144 0 0
26145 0 0
26146 0 0
26147 0 0
26148 0 0
26149 0 2
26150 0 2
26151 0 2
26152 0 2
26153 0 2
26154 0 -1
26155 0 2
26156 0 2
26157 0 2
26158 0 2
26159 0 2
26160 0 2
26161 0 2
26162 0 2
26163 0 1
26164 0 1
26165 -1 1
26166 0 1
26167 0 1
26168 0 1
26169 -1 1
26170 0 1
26171 0 1
26172 0 1
26173 0 1
26174 0 -1
26175 0 1
26176 0 1
26177 0 1
26178 0 1
26179 -1 1
26180 0 1
26181 0 1
26182 0 1
26183 0 1
26184 0 1
26185 0 -1
26186 0 1
26187 0 1
26188 0 1
26189 0 1
26190 -1 1
26191 0 1
26192 0 1
26193 0 1
26194 0 1
26195 0 1
26196 0 1
26197 0 1
26198 -1 1
26199 0 1
26200 0 1
26201 0 1
26202 0 1
26203 -1 1
26204 0 1
26205 0 1
26206 0 1
26207 0 1
26208 -1 1
26209 0 2
26210 -1 2
26211 0 1
26212 0 1
26213 0 1
26214 0 2
26215 0 2
26216 0 2
26217 0 2
26218 0 2
26220 0 2
26221 0 2
26222 0 1
26223 0 1
26224 0 1
26225 0 1
26226 0 1
26227 0 1
26228 0 1
26229 0 1
26230 0 1
26231 0 1
26232 0 1
26233 0 1
26234 0 1
26235 0 -1
26236 0 1
26237 0 1
26238 0 1
26239 0 1
26240 0 1
26241 0 1
26242 0 1
26243 -1 1
26244 0 1
26245 0 1
26246 0 1
26247 0 1
26248 0 1
26249 0 1
26250 0 -1
26251 0 2
26252 0 2
26253 0 2
26254 0 2
26255 0 2
26256 -1 2
26257 0 2
26258 0 -1
26259 0 2
26260 0 2
26261 0 2
26262 0 2
26263 0 -1
26264 0 -1
26265 0 2
26266 0 0
26267 0 0
26268 0 2
26269 0 0
26270 0 2
26271 0 2
26272 0 2
26273 0 2
26274 0 2
26275 0 2
26276 0 1
26277 0 1
26278 0 1
26279 0 1
26280 0 1
26281 0 1
26282 0 -1
26283 0 1
26284 0 1
26285 0 1
26286 0 1
26287 0 1
26288 0 1
26289 0 1
26290 0 2
26291 0 2
26292 0 2
26293 0 2
26294 -1 2
26295 0 2
26297 0 -1
26298 0 2
26299 0 2
26300 0 2
26301 0 2
26302 0 2
26303 0 2
26304 0 2
26305 -1 2
26307 0 2
26308 0 2
26309 0 2
26310 0 2
26311 -1 2
26312 0 2
26313 0 2
26314 0 2
26315 0 2
26316 0 2
26317 -1 2
26318 -1 2
26319 0 2
26320 0 2
26321 0 2
26322 0 2
26323 0 2
26324 0 2
26325 0 2
26326 0 -1
26327 0 2
26329 0 2
26330 0 2
26331 0 -1
26332 0 1
26333 0 2
26334 0 2
26335 0 2
26336 0 2
26337 0 -1
26338 0 2
26339 0 2
26340 0 2
26341 0 2
26342 0 2
26343 0 -1
26344 0 2
26345 0 2
26346 0 2
26347 0 2
26348 0 2
26349 0 2
26350 0 2
26351 0 2
26352 0 2
26353 0 2
26354 0 2
26355 0 2
26356 0 2
26357 0 2
26359 0 2
26360 0 2
26361 0 2
26362 0 2
26363 0 2
26364 -1 2
26365 -1 2
26366 0 2
26369 0 2
26370 0 2
26372 0 2
26373 -1 2
26374 0 -1
26376 0 2
26377 -1 2
26378 0 2
26379 0 2
26380 0 2
26381 0 2
26382 0 -1
26383 0 2
26384 -1 2
26385 0 2
26386 0 2
26387 0 2
26388 0 2
26389 0 2
26390 0 2
26391 0 2
26392 0 2
26393 -1 2
26394 0 2
26395 0 2
26396 0 2
26397 0 2
26398 0 2
26399 0 2
26400 0 2
26401 0 2
26402 0 2
26403 0 2
26404 0 2
26405 0 2
26406 0 2
26407 0 2
26409 0 2
26410 0 2
26411 0 2
26412 0 -1
26413 0 2
26414 0 2
26415 0 2
26416 -1 2
26417 0 -1
26419 0 -1
26420 0 2
26422 0 2
26423 0 2
26424 0 2
26425 0 2
26426 0 -1
26427 0 2
26428 0 -1
26429 0 2
26430 -1 2
26431 0 2
26432 0 2
26433 0 2
26434 0 2
26435 0 2
26436 -1 2
26438 0 2
26439 0 2
26440 -1 2
26441 0 2
26442 0 2
26443 0 2
26444 0 2
26445 0 2
26447 0 2
26448 0 2
26449 0 2
26450 0 2
26451 0 2
26452 0 2
26453 0 -1
26454 0 2
26455 0 2
26457 0 2
26458 0 2
26459 0 2
26460 0 2
26461 0 2
26462 0 2
26463 0 2
26464 0 2
26465 0 2
26466 0 2
26467 0 2
26468 0 2
26469 0 2
26470 0 2
26471 -1 2
26472 0 2
26473 0 2
26474 0 2
26475 0 2
26476 0 2
26477 0 2
26478 0 2
26479 0 2
26482 0 2
26483 0 2
26484 0 2
26485 -1 2
26486 0 2
26487 -1 2
26488 0 2
26489 0 2
26490 0 2
26491 0 2
26492 0 2
26493 0 2
26494 0 2
26495 0 0
26496 0 2
26497 0 0
26498 0 0
26499 0 0
26500 0 0
26501 0 0
26502 0 -1
26504 0 0
26505 0 0
26506 0 0
26507 -1 0
26508 0 0
26509 0 0
26510 0 2
26511 0 2
26512 0 2
26513 0 2
26514 0 2
26515 0 2
26516 0 2
26517 0 2
26518 0 2
26519 0 2
26520 0 2
26521 0 2
26522 0 2
26523 0 2
26524 0 2
26525 0 2
26526 0 2
26527 -1 2
26528 0 2
26530 0 2
26531 0 2
26532 0 2
26533 0 2
26534 0 2
26535 0 1
26536 0 2
26537 0 2
26538 0 2
26539 0 2
26540 0 2
26541 0 2
26542 -1 2
26543 0 2
26544 0 0
26545 0 -1
26546 0 2
26547 0 2
26548 0 2
26549 0 2
26550 0 2
26551 0 2
26552 0 2
26553 0 2
26554 0 2
26555 0 2
26556 0 2
26557 0 2
26558 0 2
26560 0 2
26561 0 2
26562 0 2
26563 0 2
26564 0 2
26565 0 -1
26566 0 2
26567 0 2
26568 0 2
26569 0 2
26570 0 2
26571 0 2
26572 0 2
26573 0 2
26574 0 2
26576 0 2
26577 0 2
26578 0 2
26579 0 2
26580 0 2
26581 0 2
26582 0 1
26583 0 1
26584 0 1
26585 0 1
26586 0 1
26587 0 1
26588 0 1
26589 0 1
26590 0 1
26591 0 1
26592 0 1
26593 0 1
26594 0 1
26595 0 -1
26596 0 1
26597 -1 1
26598 0 1
26599 -1 1
26601 0 1
26602 0 1
26603 0 1
26605 0 2
26606 0 2
26607 -1 2
26608 0 -1
26609 0 2
26610 0 2
26611 0 2
26612 -1 2
26613 0 2
26614 0 2
26615 0 2
26616 0 2
26617 0 2
26618 0 2
26620 0 2
26621 0 2
26622 0 2
26623 0 2
26624 0 2
26625 0 2
26626 0 -1
26627 0 -1
26628 0 2
26629 -1 2
26630 0 2
26631 0 2
26632 0 2
26633 0 2
26634 0 2
26635 -1 2
26636 0 -1
26637 0 2
26638 0 2
26639 -1 2
26640 0 2
26641 0 2
26642 0 2
26643 0 2
26644 0 2
26645 0 2
26646 0 2
26647 -1 2
26648 0 2
26649 0 2
26650 0 2
26651 0 2
26652 0 2
26653 0 -1
26654 0 2
26655 0 2
26656 0 2
26657 0 2
26658 0 2
26659 -1 2
26660 -1 2
26661 0 1
26662 0 1
26663 0 -1
26664 0 1
26665 0 1
26666 -1 1
26667 0 -1
26668 0 -1
26669 0 1
26670 0 1
26671 0 1
26673 0 1
26674 0 1
26675 0 1
26676 0 1
26677 0 1
26678 0 2
26679 -1 2
26680 0 -1
26681 -1 2
26682 0 -1
26683 0 1
26684 0 -1
26686 0 2
26687 0 1
26689 -1 2
26690 0 2
26692 0 2
26693 -1 2
26694 -1 1
26695 0 2
26696 0 1
26697 0 2
26698 0 2
26699 0 2
26701 0 -1
26702 0 2
26704 0 -1
26705 0 2
26706 -1 2
26707 0 2
26708 0 2
26709 0 2
26710 -1 2
26711 0 2
26712 0 2
26713 0 2
26714 0 2
26715 0 -1
26716 0 2
26717 0 -1
26718 0 2
26719 0 2
26720 0 2
26721 0 2
26722 -1 2
26723 0 2
26724 0 -1
26725 0 2
26726 0 2
26727 0 2
26728 0 2
26729 0 2
26730 0 2
26731 0 2
26732 0 2
26733 0 2
26734 0 2
26735 0 2
26736 0 2
26737 0 2
26738 0 2
26739 0 2
26740 0 2
26741 -1 2
26742 0 2
26743 0 2
26744 -1 2
26745 0 2
26746 0 2
26747 0 -1
26748 0 2
26749 0 2
26750 -1 2
26751 0 2
26752 0 2
26753 -1 2
26754 0 2
26755 -1 2
26756 0 -1
26757 -1 2
26758 0 2
26759 0 2
26760 0 -1
26761 0 2
26762 0 2
26764 0 2
26765 0 2
26766 0 2
26767 0 2
26768 0 2
26770 0 2
26771 0 2
26772 0 2
26773 0 2
26774 0 2
26775 -1 2
26776 0 2
26777 -1 2
26778 0 2
26780 0 2
26781 0 2
26782 0 2
26783 0 2
26784 0 -1
26785 0 2
26786 0 2
26787 0 2
26788 0 2
26789 0 2
26790 -1 2
26791 0 2
26794 0 2
26795 0 2
26797 0 -1
26798 0 2
26799 0 2
26800 0 2
26801 0 2
26802 0 1
26803 0 1
26804 0 2
26805 -1 2
26806 0 2
26807 0 2
26808 0 2
26809 0 2
26810 0 2
26811 0 2
26812 0 1
26813 0 2
26814 0 1
26815 0 1
26816 0 1
26817 0 1
26818 0 1
26819 0 1
26820 0 1
26821 0 1
26822 0 2
26823 0 1
26825 0 1
26826 0 1
26827 -1 1
26828 0 1
26829 0 -1
26830 0 1
26831 0 1
26832 0 1
26833 0 1
26834 0 1
26835 0 -1
26836 0 -1
26837 0 -1
26838 0 1
26839 0 1
26840 0 1
26841 0 1
26842 0 1
26843 0 1
26844 0 1
26845 0 1
26846 0 1
26847 0 1
26848 0 1
26849 0 -1
26850 0 1
26851 0 1
26852 0 -1
26854 0 1
26855 0 1
26856 0 1
26857 0 1
26858 0 -1
26859 0 1
26860 0 1
26861 0 1
26862 0 2
26863 0 -1
26864 0 2
26865 0 2
26866 0 2
26867 0 2
26868 0 2
26869 0 -1
26870 0 2
26871 0 2
26872 0 2
26873 -1 2
26874 0 2
26875 0 2
26876 0 2
26877 0 2
26878 0 2
26879 0 2
26880 0 2
26881 0 2
26882 -1 2
26883 0 2
26884 0 1
26886 0 1
26887 0 1
26888 0 1
26889 0 1
26890 0 1
26891 0 1
26893 0 1
26894 0 1
26895 0 2
26896 0 1
26897 0 1
26898 0 1
26899 0 1
26900 0 1
26901 0 -1
26902 0 2
26903 0 2
26904 0 2
26905 0 -1
26906 0 2
26907 0 2
26908 0 2
26909 0 2
26910 0 2
26911 0 2
26912 0 2
26913 0 2
26914 0 2
26915 0 2
26916 0 2
26917 0 2
26918 0 -1
26919 0 2
26920 0 2
26921 0 2
26922 0 2
26923 0 2
26924 0 2
26925 0 2
26926 0 2
26927 0 2
26928 -1 2
26929 0 2
26930 0 2
26932 0 -1
26933 0 2
26934 0 2
26935 0 2
26936 0 2
26937 0 2
26938 0 2
26939 0 2
26940 0 2
26941 0 2
26942 0 2
26943 0 2
26944 0 2
26945 0 0
26946 0 2
26947 0 2
26948 0 2
26949 0 2
26950 0 2
26951 0 2
26952 0 2
26953 0 2
26954 0 2
26955 0 2
26956 0 2
26957 0 2
26958 0 2
26960 0 2
26961 0 2
26962 0 2
26963 0 2
26964 0 2
26965 0 2
26966 0 1
26967 0 1
26968 0 1
26969 0 1
26970 0 1
26971 0 1
26972 0 1
26973 0 1
26974 0 1
26975 0 1
26976 0 1
26977 0 1
26978 0 1
26979 0 1
26980 0 1
26981 0 1
26982 0 1
26983 0 1
26984 0 1
26985 0 1
26986 0 1
26987 0 -1
26988 -1 1
26989 0 1
26990 -1 1
26991 0 1
26992 0 1
26993 0 1
26994 0 1
26995 0 1
26996 0 1
26997 0 1
26998 0 1
26999 0 1
27000 0 1
27001 0 1
27002 0 1
27003 0 1
27004 0 1
27005 -1 1
27006 0 1
27007 0 -1
27008 0 1
27009 0 1
27010 0 1
27011 0 1
27012 0 1
27013 0 1
27014 0 1
27015 0 1
27016 0 1
27017 0 1
27018 0 1
27019 -1 1
27020 0 1
27021 0 1
27022 0 1
27023 0 1
27024 0 1
27025 0 1
27026 0 1
27027 -1 1
27028 0 1
27029 0 -1
27030 0 1
27031 0 1
27032 0 1
27033 0 -1
27034 0 1
27035 0 1
27036 0 1
27037 0 1
27038 0 1
27039 0 1
27041 0 1
27042 0 1
27043 -1 1
27044 0 -1
27045 0 1
27046 -1 1
27047 0 1
27048 0 1
27049 0 1
27050 0 1
27051 0 -1
27053 0 1
27054 0 1
27055 -1 1
27056 0 1
27057 0 1
27058 0 -1
27059 0 -1
27060 0 1
27061 0 1
27062 0 1
27063 0 1
27064 0 1
27065 0 1
27066 0 1
27067 -1 1
27068 0 1
27069 0 1
27070 -1 1
27071 0 1
27072 0 1
27073 0 1
27074 0 1
27075 0 -1
27076 0 1
27077 0 1
27078 0 1
27079 0 1
27080 0 1
27081 0 1
27082 0 1
27083 0 1
27084 0 1
27085 0 1
27086 0 1
27087 0 1
27088 0 -1
27089 0 1
27090 0 1
27091 0 1
27092 0 1
27093 0 1
27094 0 1
27095 0 -1
27096 0 1
27097 0 1
27098 0 1
27099 0 1
27100 0 -1
27101 0 1
27102 0 -1
27103 0 1
27104 0 1
27105 0 1
27106 0 1
27107 0 1
27108 0 1
27109 0 1
27111 0 1
27112 0 1
27113 -1 1
27114 0 1
27115 0 1
27116 0 1
27117 0 1
27118 0 1
27119 0 1
27120 0 -1
27121 0 1
27122 0 1
27123 0 1
27124 0 1
27125 -1 1
27126 0 -1
27127 0 1
27128 0 1
27129 0 1
27130 0 1
27131 0 1
27132 0 1
27133 0 1
27134 0 1
27135 0 1
27136 0 1
27137 0 1
27138 0 1
27139 0 1
27140 0 1
27141 0 -1
27142 0 1
27143 0 -1
27144 0 -1
27145 0 2
27146 0 -1
27147 0 2
27148 0 2
27149 0 2
27150 0 1
27151 0 1
27152 -1 1
27153 -1 1
27154 0 1
27155 0 1
27156 0 1
27157 0 1
27158 0 1
27159 0 1
27160 0 -1
27161 0 1
27162 -1 1
27163 0 1
27164 0 1
27165 0 1
27166 -1 1
27167 0 1
27168 0 1
27169 0 1
27170 0 1
27171 0 1
27173 -1 1
27174 0 1
27175 -1 2
27176 0 2
27177 -1 2
27178 0 2
27179 0 2
27180 0 2
27181 0 2
27182 0 2
27183 -1 2
27184 0 2
27185 0 2
27186 0 2
27187 0 2
27188 0 2
27189 0 2
27190 0 2
27192 0 2
27193 -1 2
27194 0 -1
27195 0 2
27196 0 2
27197 0 2
27198 0 2
27199 0 -1
27200 0 2
27201 0 2
27202 0 2
27204 0 2
27205 0 2
27206 0 2
27207 0 -1
27208 0 2
27209 0 2
27210 0 2
27211 0 2
27212 0 2
27213 0 2
27214 0 2
27215 0 2
27216 0 2
27217 -1 2
27218 0 2
27219 0 2
27220 0 2
27221 0 2
27222 0 2
27223 0 2
27224 0 2
27225 0 2
27226 0 2
27227 0 2
27228 0 0
27229 0 0
27230 -1 0
27231 -1 0
27232 0 0
27233 0 -1
27234 0 0
27235 0 2
27236 0 2
27237 0 2
27238 0 2
27239 0 2
27240 0 2
27241 0 2
27242 0 2
27244 0 2
27245 0 2
27246 0 2
27247 0 2
27248 -1 2
27249 0 2
27250 0 2
27251 0 2
27252 0 2
27253 0 2
27254 0 2
27255 0 2
27256 0 2
27257 0 0
27258 0 0
27259 0 0
27261 0 0
27262 0 0
27263 0 0
27264 0 0
27265 0 0
27266 0 -1
27267 0 2
27268 0 -1
27269 0 2
27271 0 2
27272 0 2
27273 0 2
27274 0 2
27275 0 -1
27276 0 2
27277 0 2
27278 0 2
27279 0 2
27280 0 1
27281 0 2
27282 0 -1
27283 0 1
27284 0 2
27285 0 1
27286 0 2
27287 0 1
27288 0 1
27289 -1 1
27290 0 -1
27291 0 1
27292 0 1
27293 -1 1
27294 0 1
27295 0 1
27296 0 1
27297 0 1
27298 0 1
27299 0 -1
27300 0 1
27301 0 1
27302 0 1
27303 0 1
27304 0 1
27305 0 1
27306 0 1
27307 0 1
27308 0 1
27309 0 1
27310 0 1
27311 0 1
27312 0 1
27313 0 1
27314 0 1
27315 0 1
27316 0 1
27317 0 1
27318 0 1
27319 0 1
27320 0 1
27321 0 1
27322 -1 1
27324 0 1
27325 0 1
27326 0 1
27327 0 1
27328 0 1
27329 0 1
27330 -1 1
27331 0 1
27332 0 1
27333 0 1
27334 0 1
27335 -1 1
27336 0 1
27337 0 1
27338 0 1
27339 0 1
27340 0 1
27341 0 1
27342 0 1
27343 0 1
27344 0 1
27345 0 1
27346 0 1
27347 0 2
27348 -1 2
27349 0 2
27350 0 2
27351 0 1
27352 0 2
27353 0 2
27354 0 -1
27355 0 2
27356 0 2
27357 -1 2
27358 0 0
27359 0 0
27360 -1 0
27361 0 0
27362 -1 0
27363 -1 0
27364 0 -1
27365 0 0
27366 0 0
27367 0 0
27368 0 0
27370 0 0
27371 0 0
27372 0 0
27373 0 0
27374 0 0
27375 0 0
27377 0 0
27378 0 0
27379 -1 0
27380 0 0
27381 0 0
27382 -1 0
27383 0 0
27384 0 0
27385 0 0
27386 -1 0
27388 0 0
27389 0 0
27390 0 0
27391 0 0
27392 0 0
27393 0 0
27394 -1 0
27395 0 0
27396 0 0
27397 -1 0
27398 0 0
27399 -1 0
27400 0 2
27401 0 0
27402 0 0
27403 0 0
27404 0 0
27405 0 0
27406 0 0
27407 0 0
27408 0 0
27409 0 -1
27410 0 0
27411 0 0
27412 0 0
27413 0 0
27414 0 0
27415 0 0
27416 0 0
27417 0 0
27418 0 0
27420 -1 0
27421 0 0
27422 0 0
27423 0 0
27424 0 0
27425 0 0
27426 0 0
27427 0 -1
27428 0 0
27430 -1 0
27431 0 0
27432 0 0
27433 0 0
27434 0 0
27435 0 0
27436 0 -1
27437 -1 0
27438 0 0
27439 0 0
27441 0 0
27442 0 0
27443 0 0
27444 0 0
27445 0 -1
27446 0 0
27447 0 0
27448 0 0
27449 0 0
27450 0 0
27451 0 0
27452 0 0
27453 0 0
27454 0 0
27455 0 0
27456 0 0
27457 0 0
27458 0 0
27459 0 0
27460 0 0
27461 0 0
27462 0 0
27463 0 0
27464 0 0
27465 0 0
27466 0 0
27467 0 -1
27468 0 0
27469 0 0
27470 0 0
27471 0 0
27472 0 0
27473 0 0
27474 0 0
27475 0 0
27476 0 0
27477 0 0
27478 0 0
27479 0 0
27480 0 0
27481 0 0
27483 0 0
27484 0 0
27485 0 0
27486 0 0
27488 0 0
27489 0 0
27490 0 0
27491 0 0
27492 0 0
27493 0 0
27494 0 0
27495 0 0
27496 0 0
27497 -1 0
27498 0 0
27499 0 0
27500 0 0
27501 0 0
27502 0 0
27503 0 -1
27504 0 0
27505 0 -1
27506 -1 0
27507 0 0
27508 0 0
27509 0 0
27510 0 0
27511 0 0
27512 0 0
27513 0 -1
27514 0 0
27515 0 0
27516 -1 0
27517 0 0
27518 0 0
27519 0 0
27520 0 0
27521 0 0
27522 -1 0
27523 -1 0
27524 0 0
27525 0 0
27526 -1 0
27527 0 0
27528 0 0
27529 -1 0
27530 0 0
27531 0 -1
27532 -1 0
27533 0 0
27534 0 0
27535 0 0
27536 0 0
27537 0 0
27538 0 0
27539 0 -1
27540 0 0
27541 -1 0
27542 0 0
27543 0 0
27544 0 0
27545 0 0
27546 0 0
27547 0 0
27548 0 0
27549 0 0
27550 0 0
27551 0 0
27552 0 0
27553 0 0
27554 0 0
27555 0 0
27556 0 0
27557 0 0
27558 0 -1
27559 0 0
27560 0 -1
27561 0 0
27562 0 0
27563 0 0
27564 0 -1
27565 0 0
27566 0 0
27567 -1 0
27568 0 -1
27569 0 -1
27570 0 0
27571 0 0
27572 0 0
27573 0 0
27574 0 -1
27575 0 0
27576 0 0
27577 0 0
27578 0 0
27579 0 0
27580 0 0
27581 0 0
27582 0 0
27583 0 0
27584 0 0
27585 0 0
27586 0 -1
27587 0 2
27588 0 2
27589 -1 2
27590 0 2
27591 0 2
27592 0 2
27593 0 2
27594 0 2
27595 0 2
27596 0 2
27597 0 2
27598 0 2
27599 0 2
27600 0 2
27601 0 2
27602 0 2
27603 0 2
27604 0 2
27605 0 2
27606 0 2
27607 0 2
27608 -1 2
27609 0 2
27610 0 2
27611 0 2
27612 0 2
27613 0 2
27614 -1 2
27615 0 2
27616 0 2
27617 0 2
27618 0 -1
27619 -1 2
27620 0 2
27621 0 2
27622 0 2
27623 0 2
27624 0 -1
27625 0 -1
27626 0 2
27627 0 2
27628 0 2
27629 0 2
27630 0 0
27631 0 2
27632 0 0
27633 0 2
27634 -1 2
27635 0 -1
27637 0 0
27638 0 0
27639 0 0
27640 0 0
27641 0 0
27642 0 0
27643 0 0
27644 0 0
27645 0 -1
27646 0 0
27647 0 -1
27649 0 0
27650 0 0
27651 0 0
27652 0 0
27653 0 0
27654 -1 0
27655 0 0
27656 0 0
27657 0 0
27658 0 0
27659 0 0
27660 0 0
27661 -1 0
27662 0 0
27663 0 0
27664 0 0
27665 0 0
27667 0 0
27668 0 0
27669 0 0
27670 -1 0
27671 0 0
27672 0 0
27673 0 0
27674 0 0
27675 0 0
27676 0 0
27677 0 0
27678 0 0
27679 0 0
27680 0 0
27681 0 0
27682 0 0
27683 0 0
27684 0 0
27685 0 0
27686 0 0
27687 0 -1
27688 -1 0
27689 0 0
27690 -1 0
27691 0 0
27692 0 0
27693 0 0
27694 0 0
27695 0 0
27696 0 0
27697 0 -1
27698 0 0
27699 0 0
27700 0 0
27701 0 0
27702 0 0
27703 0 0
27704 -1 0
27705 0 0
27706 0 0
27707 0 0
27708 0 0
27709 0 0
27710 -1 0
27711 0 0
27712 0 0
27713 0 0
27714 0 0
27715 0 0
27716 0 0
27717 0 0
27718 0 0
27719 0 0
27720 0 0
27721 -1 0
27722 0 0
27723 0 0
27724 0 -1
27725 -1 0
27726 0 0
27727 0 0
27728 0 0
27729 0 0
27730 0 0
27731 0 0
27732 0 0
27733 0 0
27734 0 -1
27735 0 0
27736 0 0
27737 0 -1
27738 0 0
27739 0 0
27740 0 0
27741 0 0
27742 0 0
27743 0 0
27744 -1 0
27745 0 0
27746 0 0
27747 0 0
27749 0 0
27750 0 0
27751 -1 0
27752 -1 0
27753 0 0
27754 0 0
27755 0 0
27756 0 0
27757 0 0
27758 0 0
27759 0 0
27760 0 -1
27761 0 0
27762 0 0
27763 0 0
27764 0 0
27765 0 0
27766 0 0
27767 0 0
27768 0 0
27769 0 -1
27770 0 0
27771 0 0
27772 0 0
27773 0 0
27774 0 0
27775 0 0
27776 0 0
27777 0 0
27778 -1 0
27779 0 0
27780 0 0
27781 0 0
27782 0 0
27783 0 0
27784 0 0
27785 0 0
27786 0 0
27787 0 0
27788 0 0
27789 0 0
27790 0 0
27791 0 0
27792 0 0
27793 0 0
27794 0 0
27795 0 0
27796 0 0
27797 0 0
27798 0 0
27799 0 -1
27801 0 0
27802 0 0
27803 0 0
27804 0 0
27805 0 0
27806 0 0
27807 0 0
27808 0 0
27809 0 0
27810 0 0
27811 0 0
27813 0 0
27814 0 0
27815 0 0
27816 0 -1
27817 0 0
27818 0 0
27819 -1 0
27820 0 0
27821 0 0
27822 0 0
27823 0 0
27824 0 0
27825 0 0
27826 0 0
27827 0 0
27828 0 0
27829 0 0
27831 0 0
27832 0 0
27833 -1 0
27834 0 0
27835 0 0
27837 0 0
27838 0 -1
27839 0 0
27840 0 0
27841 0 0
27842 0 0
27843 0 0
27844 0 -1
27845 0 0
27846 0 -1
27847 0 0
27848 0 -1
27849 0 0
27850 0 0
27851 0 0
27852 0 0
27853 0 0
27854 0 -1
27855 0 0
27856 0 0
27857 0 0
27858 0 0
27859 0 0
27860 0 0
27861 0 0
27862 0 0
27863 0 0
27864 0 0
27865 0 0
27866 0 0
27867 0 0
27868 0 0
27869 0 0
27870 0 0
27871 0 0
27872 0 0
27873 0 0
27874 0 0
27875 0 0
27876 0 0
27877 0 0
27878 0 0
27879 0 0
27880 0 0
27881 0 0
27882 0 0
27883 0 0
27884 0 0
27885 0 0
27886 -1 0
27887 0 0
27888 0 0
27889 0 0
27890 0 0
27891 0 0
27892 0 0
27893 0 -1
27894 0 0
27895 -1 0
27896 0 0
27897 0 0
27898 0 0
27899 0 0
27900 0 0
27901 0 0
27902 0 0
27904 0 0
27905 0 0
27906 0 0
27907 0 0
27908 0 0
27909 0 0
27910 0 0
27911 0 0
27912 0 0
27913 0 0
27914 0 0
27915 0 -1
27916 -1 0
27917 0 0
27918 0 0
27919 0 0
27920 0 0
27921 0 0
27922 0 0
27923 0 0
27924 0 0
27925 0 0
27926 0 0
27927 0 0
27928 0 0
27929 0 0
27930 0 0
27931 0 0
27933 0 0
27934 0 0
27935 0 0
27936 0 0
27937 0 0
27938 0 0
27939 0 0
27940 0 0
27941 0 0
27942 0 0
27943 0 0
27944 0 0
27945 0 0
27946 0 0
27947 0 0
27948 0 0
27949 -1 0
27950 0 0
27951 0 0
27952 0 0
27953 0 0
27954 0 0
27955 0 0
27956 0 0
27957 0 0
27958 0 0
27959 0 0
27960 0 0
27961 -1 0
27962 -1 0
27963 0 0
27964 0 0
27965 0 -1
27966 0 0
27967 0 0
27968 0 0
27969 0 0
27970 0 0
27971 0 0
27972 0 2
27973 0 2
27976 0 0
27977 0 2
27978 0 -1
27979 0 2
27980 0 2
27981 0 2
27982 0 2
27983 0 2
27984 0 2
27985 0 0
27986 0 2
27987 0 2
27988 0 2
27989 0 2
27990 0 2
27991 -1 2
27992 0 2
27993 0 2
27994 0 2
27995 0 -1
27996 0 2
27997 0 2
27998 -1 2
27999 0 2
28000 0 2
28001 0 2
28002 -1 2
28003 0 2
28004 0 2
28005 0 2
28006 0 2
28007 -1 2
28008 0 2
28009 0 2
28010 0 2
28011 0 2
28013 0 2
28014 0 -1
28015 0 2
28016 0 2
28017 -1 2
28018 0 2
28019 -1 1
28020 -1 2
28021 -1 1
28022 0 1
28023 0 -1
28024 0 -1
28025 0 1
28026 0 1
28027 0 1
28028 0 1
28029 0 1
28030 0 1
28031 0 1
28032 0 1
28033 0 -1
28034 0 1
28036 0 -1
28037 -1 1
28038 0 1
28039 0 1
28040 0 1
28041 0 1
28042 -1 1
28043 0 1
28044 0 1
28045 0 1
28046 0 1
28047 0 1
28048 -1 1
28049 0 1
28050 0 1
28051 0 1
28052 0 1
28053 0 -1
28054 0 1
28055 0 1
28056 0 1
28057 0 1
28058 0 -1
28059 0 1
28060 0 -1
28061 0 1
28062 0 1
28063 0 1
28065 0 -1
28066 0 1
28067 0 -1
28068 0 1
28069 0 1
28070 0 -1
28071 -1 1
28072 0 1
28073 0 1
28074 0 1
28075 0 1
28076 0 1
28077 0 1
28078 0 1
28079 0 1
28080 0 1
28081 0 1
28082 0 1
28083 0 1
28084 0 -1
28085 0 1
28086 -1 1
28088 0 1
28089 0 1
28090 0 1
28091 0 1
28092 0 1
28093 0 1
28094 0 1
28095 0 1
28096 0 1
28097 0 1
28098 0 1
28099 0 2
28100 0 -1
28101 0 2
28102 0 2
28103 0 1
28104 0 2
28105 0 2
28106 0 2
28107 0 1
28108 0 1
28109 0 1
28110 0 -1
28111 0 1
28113 0 2
28114 0 2
28115 0 2
28116 0 2
28117 0 2
28118 0 2
28119 0 2
28120 0 2
28121 0 2
28122 0 2
28123 -1 2
28125 0 2
28126 0 2
28127 0 2
28128 0 2
28129 0 2
28130 0 2
28131 0 2
28132 0 2
28133 0 2
28134 0 2
28135 0 2
28136 0 2
28137 0 2
28138 0 2
28139 0 2
28140 0 2
28141 0 2
28142 0 2
28143 0 2
28144 0 2
28145 0 -1
28146 -1 2
28147 -1 2
28148 0 2
28149 0 2
28150 0 2
28151 0 2
28152 0 -1
28153 0 2
28154 0 2
28155 0 2
28156 0 2
28157 -1 2
28158 0 2
28159 0 2
28160 0 -1
28162 0 2
28163 0 2
28164 0 2
28165 0 2
28166 0 2
28167 0 -1
28168 0 2
28169 0 2
28170 0 -1
28171 0 2
28172 0 -1
28173 0 2
28174 0 2
28175 0 2
28176 0 2
28177 -1 2
28178 0 2
28179 0 2
28180 0 2
28181 0 2
28182 0 2
28183 0 2
28184 0 2
28185 -1 2
28186 0 2
28187 0 2
28188 0 2
28189 0 2
28190 0 2
28191 0 2
28192 0 2
28193 0 2
28194 -1 2
28195 0 2
28196 0 2
28197 0 2
28198 0 2
28199 0 2
28200 0 2
28201 0 2
28202 0 2
28203 0 2
28204 0 2
28205 0 2
28206 0 2
28207 0 2
28208 0 2
28209 0 2
28210 0 2
28211 0 2
28212 0 2
28213 0 2
28214 -1 2
28215 0 2
28216 0 2
28217 0 2
28218 0 2
28219 0 -1
28220 0 2
28221 0 2
28222 0 2
28223 0 2
28224 0 2
28225 0 2
28226 0 -1
28227 0 2
28228 0 2
28229 0 2
28230 0 2
28231 0 2
28232 -1 2
28233 -1 2
28234 0 2
28235 0 2
28236 0 2
28237 -1 2
28238 0 2
28239 0 2
28240 0 2
28241 0 2
28242 0 -1
28243 0 2
28244 -1 2
28245 0 2
28246 0 2
28247 0 2
28248 0 2
28249 0 -1
28250 0 2
28251 0 2
28252 0 2
28253 0 2
28254 0 2
28255 0 2
28256 0 2
28257 0 2
28258 0 2
28259 0 2
28260 0 2
28261 0 1
28262 0 1
28263 -1 2
28264 0 1
28265 0 1
28266 0 2
28267 0 1
28268 0 2
28269 0 2
28270 0 2
28271 0 2
28272 0 -1
28273 -1 2
28274 0 1
28275 0 1
28276 0 -1
28277 0 1
28278 0 1
28279 0 2
28280 0 1
28281 0 -1
28282 0 1
28283 0 1
28284 -1 1
28285 0 1
28286 0 1
28287 -1 1
28288 0 1
28289 -1 1
28290 0 1
28291 0 1
28292 0 1
28293 0 -1
28294 0 1
28295 0 1
28296 0 1
28297 0 1
28298 -1 1
28299 0 1
28300 0 1
28301 0 1
28302 0 1
28303 0 1
28304 0 2
28305 0 2
28306 0 2
28307 0 -1
28308 0 2
28309 0 2
28310 0 2
28311 0 0
28312 0 0
28313 0 0
28314 0 0
28315 0 0
28316 -1 0
28317 0 0
28318 0 2
28319 0 2
28320 0 -1
28321 0 2
28322 0 2
28323 0 2
28324 0 -1
28325 0 2
28326 0 2
28327 0 2
28328 0 2
28329 0 2
28330 -1 2
28331 0 2
28332 0 2
28333 0 2
28334 0 2
28335 -1 2
28336 0 2
28337 0 -1
28338 -1 2
28339 0 2
28340 0 2
28341 0 2
28342 0 2
28343 0 2
28344 0 2
28345 0 2
28346 0 2
28347 0 2
28348 0 2
28349 0 2
28351 -1 2
28352 0 2
28353 0 2
28354 0 -1
28355 0 2
28356 0 2
28357 0 2
28358 0 2
28359 0 2
28360 0 2
28361 0 2
28362 0 2
28363 -1 2
28364 0 2
28365 0 2
28366 0 2
28367 0 2
28368 0 2
28369 0 2
28370 0 2
28371 0 2
28372 0 2
28373 0 2
28374 0 2
28375 0 2
28376 0 -1
28377 -1 2
28378 0 2
28379 0 2
28380 0 2
28381 0 2
28382 0 2
28383 0 2
28384 0 2
28385 -1 2
28386 0 2
28387 0 2
28388 0 -1
28389 0 2
28390 0 2
28391 0 2
28393 0 2
28394 0 2
28395 0 2
28396 0 2
28397 0 1
28398 0 1
28399 0 1
28400 -1 1
28401 0 1
28402 -1 1
28403 0 1
28404 0 1
28405 0 1
28406 0 -1
28407 0 1
28408 0 -1
28410 0 1
28411 0 1
28413 0 1
28414 -1 2
28415 0 2
28416 0 2
28417 0 2
28418 0 2
28419 0 2
28420 0 -1
28421 0 2
28422 0 2
28423 0 2
28424 0 2
28425 0 2
28426 -1 2
28427 0 2
28428 0 2
28429 0 2
28430 0 2
28431 -1 2
28432 0 2
28433 0 2
28435 0 -1
28436 0 2
28437 0 2
28438 0 2
28439 0 2
28440 0 2
28441 0 2
28442 0 2
28443 0 2
28444 0 2
28445 0 2
28446 0 -1
28447 -1 2
28448 0 2
28449 0 2
28450 0 2
28451 0 2
28452 0 2
28453 0 2
28455 0 2
28456 0 2
28457 0 2
28458 0 2
28459 0 2
28460 0 -1
28461 0 2
28462 0 2
28463 0 -1
28464 0 2
28465 0 2
28466 0 2
28467 0 2
28468 0 2
28469 0 2
28470 0 -1
28471 0 2
28472 -1 2
28473 0 2
28474 0 2
28475 0 2
28476 0 -1
28477 0 2
28478 0 2
28479 0 2
28480 0 2
28481 0 2
28482 0 2
28484 0 2
28485 0 2
28486 0 2
28487 0 2
28488 0 2
28489 0 2
28490 0 2
28491 0 2
28492 0 2
28493 0 2
28494 0 2
28495 0 2
28496 0 2
28497 0 -1
28498 0 2
28499 -1 2
28500 0 2
28501 0 2
28502 -1 2
28503 0 2
28504 0 2
28505 0 2
28506 0 1
28507 0 2
28508 0 2
28509 0 2
28510 0 2
28511 0 2
28512 0 2
28513 0 2
28514 0 2
28515 0 -1
28516 0 2
28517 0 2
28518 -1 2
28519 0 2
28520 0 2
28521 0 2
28522 0 2
28523 0 1
28524 0 2
28525 0 2
28526 0 2
28527 0 2
28528 0 -1
28529 -1 2
28530 0 2
28531 0 2
28532 0 2
28533 0 2
28534 0 2
28535 0 2
28536 0 2
28537 0 2
28538 0 2
28539 0 2
28540 0 2
28542 0 2
28543 0 2
28544 0 2
28545 0 2
28546 0 2
28547 0 2
28548 0 2
28549 -1 2
28550 0 2
28551 0 2
28552 0 2
28553 0 -1
28554 0 2
28555 0 2
28556 0 2
28557 0 2
28558 0 2
28559 0 2
28560 0 2
28561 -1 2
28562 0 2
28563 0 2
28564 0 -1
28566 0 2
28567 0 2
28568 0 2
28569 0 2
28570 0 2
28572 0 2
28573 0 2
28574 0 2
28575 0 2
28577 0 2
28578 0 2
28579 0 2
28580 0 2
28581 0 2
28582 0 2
28583 0 2
28584 0 2
28585 0 2
28586 0 2
28587 0 2
28588 0 2
28589 0 2
28590 0 2
28591 0 2
28592 0 2
28593 0 2
28594 0 2
28595 0 -1
28596 -1 2
28597 0 2
28598 0 2
28599 0 2
28600 0 2
28601 0 2
28602 0 2
28603 0 2
28604 0 2
28605 0 2
28606 0 -1
28607 0 2
28608 0 2
28609 0 2
28610 0 2
28611 0 2
28612 0 -1
28613 0 2
28614 0 2
28616 0 -1
28617 0 -1
28618 -1 2
28619 0 2
28620 0 2
28621 0 2
28622 0 2
28623 0 2
28624 0 2
28625 0 2
28626 0 2
28627 0 2
28628 0 2
28629 0 2
28630 0 2
28631 0 2
28632 0 2
28633 0 2
28634 0 2
28635 -1 2
28636 0 2
28637 0 2
28638 0 2
28639 0 2
28640 0 2
28641 0 2
28642 0 2
28643 0 2
28644 0 2
28645 0 2
28646 0 2
28647 0 -1
28649 0 -1
28650 0 2
28651 0 2
28653 0 2
28654 0 -1
28655 -1 2
28656 0 2
28657 0 2
28658 0 2
28659 0 2
28660 0 -1
28661 0 2
28662 0 2
28663 0 2
28664 0 2
28665 0 2
28666 0 2
28667 0 2
28668 0 2
28669 0 2
28670 0 2
28671 0 2
28672 0 2
28673 0 2
28674 0 2
28675 0 2
28676 0 2
28677 0 2
28678 0 2
28679 -1 2
28680 0 2
28681 0 2
28682 0 2
28683 0 2
28684 0 -1
28685 0 2
28686 0 2
28687 0 2
28688 0 2
28689 0 2
28690 -1 2
28691 0 2
28692 0 2
28693 0 2
28694 0 2
28695 0 2
28696 0 -1
28697 0 2
28698 0 2
28699 0 2
28700 -1 2
28701 0 2
28702 0 2
28703 0 2
28704 0 2
28705 0 2
28707 0 2
28708 0 2
28709 0 2
28710 0 2
28711 -1 2
28712 0 2
28713 0 2
28714 0 2
28715 0 2
28716 0 -1
28717 0 2
28718 0 2
28719 0 2
28720 0 2
28721 0 2
28722 0 2
28723 0 2
28724 0 -1
28725 0 2
28726 0 2
28727 0 2
28728 0 2
28729 0 2
28732 0 2
28733 0 2
28734 0 2
28735 0 2
28736 0 2
28737 0 2
28738 0 2
28739 -1 2
28740 0 2
28741 0 2
28742 0 2
28743 0 2
28744 0 2
28745 0 2
28746 0 2
28747 0 -1
28748 0 2
28749 0 -1
28750 0 2
28751 0 2
28752 0 2
28753 0 2
28754 0 2
28755 0 2
28756 0 2
28757 0 2
28758 0 2
28759 0 2
28760 0 2
28761 0 2
28762 0 2
28763 0 2
28764 0 2
28765 0 2
28766 0 2
28767 0 2
28768 0 2
28769 0 2
28770 -1 2
28771 0 2
28772 0 2
28773 0 2
28774 0 2
28775 0 2
28776 0 2
28777 0 2
28778 0 2
28779 0 2
28780 0 2
28781 0 2
28782 0 2
28783 0 2
28784 0 2
28785 0 2
28786 0 2
28787 0 2
28788 0 2
28789 0 2
28790 0 2
28791 0 2
28792 0 2
28793 0 2
28794 0 2
28795 0 2
28796 0 2
28797 0 2
28798 0 2
28800 0 2
28801 0 2
28802 0 2
28803 0 2
28804 0 2
28805 0 2
28806 0 2
28807 0 2
28808 0 2
28809 0 2
28810 0 2
28811 0 2
28812 0 2
28813 0 2
28814 0 2
28815 0 2
28816 0 2
28817 0 2
28818 0 -1
28819 0 2
28820 0 2
28821 0 2
28822 -1 2
28823 0 2
28824 0 2
28825 0 2
28826 0 2
28827 0 2
28828 0 2
28830 0 2
28831 0 2
28832 -1 2
28833 -1 2
28834 0 2
28835 0 2
28836 0 2
28837 0 2
28838 0 2
28839 -1 2
28840 0 2
28841 0 2
28842 -1 2
28843 0 2
28844 0 2
28845 0 2
28846 0 2
28847 0 2
28848 -1 2
28849 -1 2
28850 0 2
28851 0 2
28852 0 2
28853 0 2
28854 0 2
28856 -1 2
28857 0 2
28858 0 2
28859 -1 2
28860 0 2
28861 -1 2
28862 0 2
28863 0 2
28864 0 2
28865 0 2
28866 0 2
28867 0 2
28868 0 2
28869 0 2
28870 0 2
28871 0 2
28872 0 2
28873 0 -1
28874 0 2
28875 0 2
28876 0 2
28877 0 2
28878 0 2
28879 0 2
28880 0 2
28881 0 2
28882 0 2
28883 0 2
28884 0 2
28885 0 2
28886 0 2
28887 0 2
28888 0 2
28889 0 2
28890 0 2
28891 0 2
28892 0 2
28893 0 2
28894 0 2
28895 0 -1
28896 0 2
28897 0 2
28898 0 2
28899 0 2
28900 0 2
28901 0 2
28902 0 2
28903 0 2
28904 0 -1
28905 0 2
28906 0 2
28907 0 2
28908 0 2
28909 0 -1
28910 0 2
28911 0 2
28912 0 2
28913 0 2
28914 0 2
28915 0 2
28916 0 2
28917 0 2
28918 0 2
28919 0 -1
28920 0 2
28921 0 2
28922 0 -1
28923 -1 2
28924 0 2
28925 0 -1
28926 0 2
28927 0 2
28928 -1 2
28929 0 2
28930 0 2
28931 0 2
28933 0 2
28934 0 2
28935 0 2
28936 0 2
28937 0 2
28938 0 2
28939 0 2
28940 0 2
28941 0 2
28942 0 2
28943 0 2
28944 0 2
28945 0 2
28946 0 2
28947 0 2
28948 0 2
28949 0 2
28950 0 2
28951 0 2
28952 0 2
28953 0 2
28954 0 2
28956 0 2
28957 0 2
28958 0 2
28959 0 2
28960 0 -1
28961 0 1
28962 0 1
28963 0 1
28964 0 2
28965 0 1
28966 0 1
28967 0 1
28968 -1 1
28969 0 1
28970 0 1
28971 0 1
28972 0 1
28973 -1 1
28974 0 -1
28975 0 1
28976 0 1
28977 0 -1
28978 -1 2
28979 0 1
28981 0 1
28982 0 -1
28983 -1 1
28984 0 1
28985 0 1
28986 0 1
28987 0 1
28988 0 2
28989 0 1
28990 0 1
28991 0 1
28992 0 -1
28993 0 1
28994 0 2
28995 0 2
28996 -1 1
28997 0 1
28998 0 1
28999 0 1
29000 0 1
29001 -1 2
29002 0 2
29003 0 2
29004 0 2
29005 0 2
29006 -1 2
29008 0 2
29009 0 2
29010 0 2
29012 0 2
29013 0 2
29014 0 2
29015 -1 2
29016 0 2
29017 0 2
29018 0 2
29019 0 1
29020 0 1
29021 0 1
29022 -1 1
29023 0 1
29024 0 1
29025 0 1
29026 0 1
29027 0 1
29028 0 1
29029 0 1
29030 0 1
29031 0 1
29032 0 -1
29033 0 1
29034 0 1
29035 0 1
29036 0 1
29037 0 -1
29038 0 1
29039 0 1
29040 0 1
29042 0 -1
29043 0 1
29044 0 1
29045 0 1
29046 0 -1
29047 0 1
29048 0 -1
29049 0 1
29050 0 1
29051 0 -1
29052 0 1
29053 0 1
29054 0 1
29055 -1 1
29056 0 1
29057 0 1
29058 0 1
29059 0 -1
29060 0 1
29061 0 1
29062 0 1
29063 0 1
29064 0 1
29065 0 1
29066 0 -1
29067 0 1
29068 0 1
29069 0 1
29070 0 1
29071 0 1
29072 0 1
29073 0 1
29074 0 1
29075 0 1
29076 0 1
29077 0 -1
29078 0 1
29079 0 -1
29081 0 1
29082 0 1
29083 0 1
29084 0 1
29085 0 1
29086 0 1
29087 0 1
29088 0 -1
29089 0 1
29090 0 -1
29091 0 1
29092 0 -1
29093 0 1
29094 -1 1
29095 0 1
29096 0 1
29097 0 1
29098 0 1
29099 0 1
29100 0 1
29101 0 1
29102 0 1
29103 0 1
29104 0 1
29105 0 1
29106 -1 1
29108 0 1
29109 0 1
29110 -1 1
29111 0 1
29112 0 1
29113 0 1
29114 0 1
29115 0 1
29116 0 1
29117 0 -1
29118 0 1
29119 0 -1
29120 0 1
29121 0 1
29122 0 1
29123 0 1
29124 0 -1
29125 0 1
29126 0 1
29127 0 1
29128 0 1
29129 0 1
29130 0 1
29131 0 1
29132 -1 1
29133 0 1
29134 0 1
29135 0 1
29136 0 1
29137 0 1
29138 -1 1
29139 0 1
29140 0 1
29141 0 1
29142 0 1
29143 0 1
29144 0 1
29145 0 1
29146 0 1
29147 0 1
29148 0 1
29149 0 -1
29150 0 1
29151 -1 1
29152 0 2
29153 0 -1
29155 0 -1
29156 -1 2
29157 0 2
29158 0 1
29159 0 -1
29160 0 2
29161 0 2
29162 -1 2
29163 0 2
29164 0 -1
29165 0 2
29166 0 2
29167 -1 2
29168 0 2
29169 0 2
29170 0 2
29171 0 2
29172 0 2
29173 0 2
29174 0 2
29175 0 2
29176 0 2
29177 0 2
29178 0 2
29179 0 2
29180 0 2
29181 0 2
29182 0 2
29183 0 2
29184 0 2
29185 0 2
29186 0 2
29187 0 2
29188 -1 2
29189 0 2
29190 0 2
29191 -1 2
29192 0 2
29193 0 2
29194 0 2
29195 0 2
29196 0 -1
29197 0 2
29198 0 2
29199 0 2
29200 0 2
29201 0 2
29202 0 2
29203 0 2
29204 0 2
29205 0 2
29206 0 2
29207 0 2
29208 0 2
29209 0 2
29210 0 2
29211 0 2
29212 0 2
29213 -1 2
29214 -1 1
29215 0 2
29216 0 2
29217 0 2
29218 0 2
29219 0 2
29220 0 2
29221 0 -1
29222 -1 2
29223 0 2
29224 0 2
29225 0 2
29226 0 2
29227 0 2
29228 0 2
29229 0 1
29230 0 -1
29231 -1 1
29232 0 1
29233 0 1
29234 0 1
29235 0 -1
29236 0 -1
29237 0 1
29238 0 1
29239 0 1
29241 0 1
29242 0 1
29243 0 1
29244 0 1
29245 0 1
29246 0 1
29247 0 1
29248 0 1
29249 0 1
29250 0 1
29251 0 1
29252 0 1
29253 0 1
29254 -1 1
29255 0 1
29256 0 -1
29257 0 1
29258 0 2
29259 0 1
29260 0 1
29261 0 1
29262 0 1
29263 0 1
29264 0 1
29265 0 1
29267 0 2
29268 0 2
29269 0 2
29270 0 2
29271 -1 2
29272 0 2
29273 0 2
29274 0 2
29275 0 2
29277 0 2
29278 0 2
29279 0 2
29280 -1 2
29281 0 2
29282 0 2
29283 0 2
29284 0 2
29285 0 2
29286 0 2
29287 0 2
29288 0 2
29289 0 1
29290 -1 2
29291 -1 1
29292 0 -1
29293 0 2
29294 0 1
29295 0 1
29296 0 -1
29297 0 1
29298 0 1
29299 0 -1
29300 0 1
29301 0 1
29302 0 1
29303 0 1
29304 0 1
29305 0 1
29306 0 1
29307 0 1
29308 0 1
29309 0 -1
29310 0 1
29311 0 1
29312 0 1
29313 0 1
29314 0 1
29315 0 1
29316 0 1
29317 0 1
29318 0 1
29319 0 1
29320 0 1
29321 0 1
29322 0 1
29323 0 -1
29324 0 1
29325 0 1
29326 0 1
29327 0 1
29328 0 1
29329 0 1
29330 0 1
29331 -1 1
29332 0 1
29333 0 1
29334 0 1
29335 0 1
29337 0 1
29338 0 1
29339 -1 1
29340 0 1
29341 0 1
29342 0 1
29343 0 1
29344 0 1
29345 0 1
29346 0 1
29348 0 1
29349 0 1
29350 0 -1
29351 0 -1
29352 0 1
29353 0 1
29354 0 1
29355 0 1
29356 0 1
29357 0 1
29358 0 1
29359 0 1
29360 0 1
29362 0 1
29364 0 1
29365 0 1
29366 0 1
29367 0 -1
29368 0 1
29369 -1 1
29370 0 1
29371 0 1
29373 0 1
29374 0 1
29375 0 1
29376 0 1
29377 0 1
29379 -1 1
29380 0 1
29381 0 1
29382 -1 1
29383 0 1
29384 0 1
29385 -1 1
29386 0 1
29387 0 1
29388 -1 1
29389 -1 1
29390 0 1
29391 0 1
29393 0 1
29394 0 1
29396 0 1
29397 0 1
29398 0 1
29399 0 -1
29400 0 1
29402 0 1
29403 0 1
29404 0 -1
29406 0 1
29407 0 -1
29408 0 1
29409 0 1
29410 0 1
29411 0 1
29412 0 1
29413 0 1
29414 0 1
29415 0 1
29416 0 -1
29417 0 1
29418 0 1
29419 0 1
29420 0 1
29421 0 1
29422 0 1
29423 0 1
29424 0 1
29425 0 1
29426 0 1
29427 0 1
29428 0 1
29429 0 -1
29430 0 1
29431 -1 1
29432 0 1
29433 0 1
29434 0 1
29435 0 -1
29436 -1 1
29437 0 1
29438 0 1
29439 0 1
29440 0 -1
29441 0 1
29442 0 1
29443 0 1
29444 0 1
29445 0 1
29446 0 1
29447 -1 1
29448 0 1
29449 0 1
29450 0 1
29452 0 1
29453 0 1
29454 0 1
29455 0 1
29456 0 1
29457 0 1
29458 0 1
29459 0 1
29460 0 1
29461 0 1
29463 0 1
29464 0 -1
29465 0 1
29466 0 1
29467 0 1
29468 0 1
29469 0 1
29470 -1 1
29471 0 1
29472 0 1
29473 0 1
29474 0 -1
29475 0 1
29476 0 1
29477 0 1
29478 0 1
29479 0 1
29480 0 1
29481 0 1
29482 0 1
29483 0 1
29484 0 1
29485 0 1
29486 0 1
29487 0 1
29488 0 1
29489 0 1
29490 0 1
29491 0 1
29492 0 1
29493 0 1
29494 0 1
29495 0 1
29497 0 1
29498 0 1
29499 0 1
29500 0 1
29501 0 1
29502 0 1
29503 0 1
29504 0 1
29505 0 1
29506 0 1
29507 -1 1
29508 0 1
29509 0 1
29510 0 1
29511 0 1
29512 0 1
29514 0 1
29515 0 1
29516 0 1
29517 0 1
29518 -1 1
29519 0 1
29520 0 2
29521 0 2
29522 0 1
29523 0 1
29524 0 1
29525 0 1
29526 0 2
29527 0 1
29528 0 1
29529 0 -1
29530 0 1
29531 0 1
29532 0 1
29533 0 1
29534 0 -1
29535 0 1
29536 0 -1
29537 0 1
29538 0 1
29539 0 1
29540 0 -1
29541 0 -1
29542 0 1
29543 0 1
29545 0 1
29546 0 1
29547 0 1
29548 0 1
29549 0 1
29550 0 1
29551 0 1
29552 0 -1
29553 0 1
29554 0 -1
29556 0 1
29557 0 1
29558 0 1
29559 0 1
29560 0 1
29561 0 1
29562 0 1
29563 0 1
29564 0 1
29565 -1 1
29566 0 1
29567 0 1
29568 0 1
29569 -1 1
29570 0 1
29571 0 1
29572 0 1
29573 0 1
29574 0 1
29575 0 1
29576 0 1
29577 0 1
29578 0 1
29579 0 1
29580 0 1
29581 0 1
29582 -1 1
29583 0 1
29584 0 1
29585 0 1
29586 0 1
29587 0 1
29588 0 1
29589 0 1
29590 0 1
29591 0 1
29592 0 1
29593 0 1
29594 0 1
29595 0 1
29596 0 1
29597 0 1
29598 0 1
29599 -1 1
29600 0 1
29601 0 -1
29602 0 1
29603 0 1
29604 0 1
29605 0 1
29606 0 2
29607 0 2
29608 0 2
29610 0 2
29611 0 2
29612 -1 2
29613 0 2
29614 0 2
29615 0 2
29616 0 2
29617 0 2
29618 0 2
29619 0 2
29620 0 2
29621 0 2
29622 0 2
29623 0 2
29624 0 2
29626 0 2
29627 -1 2
29628 0 2
29629 0 2
29630 0 2
29631 0 2
29632 0 2
29633 0 2
29634 0 2
29635 -1 2
29636 0 1
29638 0 1
29639 0 1
29640 0 1
29641 0 1
29642 0 1
29643 0 1
29644 0 1
29645 0 1
29646 0 1
29647 0 1
29648 0 1
29649 0 1
29650 0 1
29651 0 1
29652 0 1
29653 0 1
29654 0 1
29655 0 1
29656 0 1
29657 0 1
29658 0 1
29659 0 1
29660 0 1
29661 0 -1
29663 0 1
29664 0 1
29665 0 1
29666 0 1
29667 0 1
29668 0 1
29669 0 1
29670 0 1
29671 0 1
29672 0 -1
29673 0 1
29674 0 -1
29675 0 1
29676 0 1
29677 0 1
29678 0 1
29679 0 1
29680 0 1
29681 0 1
29682 0 1
29683 0 2
29684 0 1
29685 -1 1
29686 0 1
29687 0 1
29688 0 1
29689 0 1
29690 0 1
29691 0 1
29692 0 1
29694 -1 1
29695 0 1
29696 0 1
29697 0 1
29698 0 1
29700 0 1
29701 0 1
29702 0 -1
29703 0 -1
29704 -1 1
29705 0 1
29706 0 1
29707 0 1
29708 0 1
29709 -1 1
29710 0 1
29711 0 1
29712 0 -1
29713 0 1
29714 0 -1
29715 0 1
29716 0 1
29717 0 1
29718 -1 1
29719 0 1
29720 0 1
29721 0 1
29722 0 1
29723 -1 1
29725 0 1
29726 0 1
29727 0 1
29728 0 1
29729 0 1
29730 0 1
29731 0 1
29732 0 1
29733 0 1
29734 -1 1
29735 0 1
29736 0 -1
29737 0 1
29738 0 1
29739 0 1
29740 0 1
29741 0 1
29742 0 1
29743 0 1
29744 0 1
29746 0 1
29747 0 1
29748 0 -1
29749 0 1
29750 0 1
29751 0 1
29752 0 1
29753 0 1
29754 0 1
29755 0 1
29756 -1 1
29757 0 -1
29758 0 1
29759 0 1
29760 0 1
29761 0 1
29762 -1 1
29764 0 1
29765 0 1
29766 0 1
29767 0 1
n0: 5184, n1: 5185
aRssi0/stdRSsi0: -47.193287/2.573303, aRssi1/stdRssi1: -52.478687/2.048173
Total Error: 0.814169, matched Error: 0.779328
