23950 -48
23951 -48
23952 -48
23953 -48
23954 -48
23955 -48
23957 -48
23958 -48
23959 -48
23960 -48
23961 -48
23962 -48
23964 -48
23965 -48
23966 -48
23967 -48
23968 -48
23969 -48
23970 -48
23972 -48
23973 -49
23974 -49
23975 -49
23976 -49
23977 -49
23978 -49
23979 -49
23981 -49
23982 -49
23983 -49
23984 -49
23985 -49
23986 -49
23987 -49
23988 -49
23989 -49
23990 -49
23991 -49
23992 -48
23993 -49
23994 -49
23995 -49
23996 -49
23997 -49
23998 -49
24000 -49
24001 -49
24002 -49
24003 -49
24005 -49
24006 -49
24007 -49
24008 -49
24009 -49
24010 -49
24011 -49
24012 -49
24013 -49
24014 -49
24015 -49
24017 -49
24018 -49
24019 -49
24021 -49
24022 -49
24024 -49
24025 -49
24027 -49
24029 -49
24030 -49
24031 -49
24033 -49
24034 -50
24035 -49
24036 -49
24037 -49
24038 -49
24039 -49
24040 -49
24041 -49
24042 -49
24043 -49
24044 -49
24045 -49
24046 -49
24047 -49
24048 -49
24050 -49
24051 -49
24052 -49
24053 -49
24054 -49
24056 -48
24058 -49
24059 -50
24060 -50
24061 -50
24062 -50
24063 -49
24064 -50
24065 -50
24066 -49
24067 -50
24068 -50
24069 -50
24070 -50
24071 -50
24072 -50
24073 -50
24074 -50
24075 -50
24076 -50
24077 -50
24078 -50
24079 -50
24080 -50
24081 -50
24082 -50
24083 -50
24084 -50
24085 -50
24086 -49
24087 -50
24088 -50
24089 -50
24090 -50
24091 -49
24092 -48
24093 -50
24094 -50
24095 -50
24096 -50
24097 -50
24098 -50
24099 -50
24100 -50
24101 -50
24102 -50
24103 -50
24104 -50
24105 -50
24106 -49
24107 -50
24108 -50
24109 -50
24110 -50
24111 -49
24112 -50
24113 -50
24114 -50
24115 -50
24116 -50
24118 -50
24119 -50
24120 -50
24121 -50
24122 -50
24123 -50
24124 -50
24125 -50
24126 -50
24127 -50
24128 -50
24129 -50
24130 -50
24131 -50
24132 -50
24133 -50
24134 -50
24135 -50
24136 -50
24137 -50
24138 -50
24139 -50
24140 -50
24141 -50
24142 -50
24143 -50
24144 -50
24145 -50
24146 -50
24148 -50
24149 -50
24150 -50
24151 -50
24152 -50
24153 -50
24154 -50
24155 -50
24156 -50
24157 -50
24158 -50
24159 -50
24160 -50
24161 -50
24163 -50
24164 -50
24165 -50
24166 -50
24167 -50
24168 -50
24169 -50
24170 -50
24171 -50
24174 -50
24175 -50
24176 -50
24179 -50
24180 -50
24181 -50
24182 -50
24183 -50
24184 -50
24185 -50
24186 -50
24187 -50
24188 -50
24189 -50
24190 -50
24192 -50
24193 -50
24194 -50
24195 -50
24196 -50
24197 -50
24198 -50
24199 -50
24200 -50
24201 -50
24202 -50
24203 -50
24204 -50
24205 -50
24206 -50
24207 -50
24208 -50
24209 -50
24210 -50
24211 -50
24213 -50
24214 -50
24216 -50
24217 -50
24218 -50
24219 -50
24220 -50
24221 -50
24222 -50
24223 -50
24224 -50
24225 -50
24227 -50
24228 -50
24229 -50
24230 -50
24231 -50
24232 -50
24233 -50
24234 -50
24235 -50
24236 -50
24237 -50
24238 -50
24239 -50
24240 -50
24241 -50
24242 -50
24243 -50
24244 -50
24245 -50
24246 -50
24248 -50
24249 -50
24250 -50
24251 -50
24252 -50
24254 -50
24256 -48
24257 -49
24258 -49
24259 -49
24260 -49
24261 -49
24262 -49
24263 -49
24264 -49
24265 -49
24266 -49
24267 -49
24268 -49
24269 -49
24270 -49
24271 -49
24272 -49
24273 -49
24275 -49
24277 -49
24278 -49
24279 -49
24280 -49
24281 -49
24282 -49
24283 -49
24284 -49
24285 -49
24286 -49
24288 -49
24289 -49
24290 -49
24291 -49
24292 -49
24293 -49
24294 -49
24295 -49
24296 -49
24297 -49
24299 -49
24300 -49
24302 -49
24303 -49
24304 -49
24305 -49
24306 -49
24307 -49
24308 -49
24309 -49
24310 -49
24311 -49
24312 -49
24313 -49
24314 -49
24315 -49
24316 -49
24317 -49
24318 -49
24319 -49
24320 -49
24321 -49
24322 -49
24323 -49
24324 -49
24326 -49
24327 -49
24329 -49
24330 -49
24331 -49
24332 -49
24333 -49
24334 -49
24335 -49
24336 -49
24337 -49
24338 -49
24339 -49
24340 -49
24341 -49
24342 -49
24343 -49
24344 -49
24345 -49
24346 -49
24347 -49
24348 -49
24350 -49
24351 -49
24353 -49
24354 -50
24355 -49
24356 -49
24357 -49
24358 -49
24359 -49
24360 -49
24361 -49
24362 -49
24363 -49
24364 -49
24365 -49
24366 -49
24367 -49
24368 -49
24369 -49
24370 -49
24371 -49
24372 -49
24373 -49
24374 -49
24375 -49
24376 -49
24377 -49
24378 -49
24379 -49
24381 -49
24382 -49
24383 -49
24384 -49
24386 -49
24387 -49
24388 -49
24389 -49
24390 -49
24391 -49
24392 -49
24393 -49
24394 -49
24395 -49
24396 -49
24397 -49
24398 -49
24399 -49
24400 -49
24402 -49
24403 -49
24404 -49
24405 -49
24406 -49
24407 -49
24408 -49
24409 -49
24410 -49
24411 -49
24412 -49
24413 -49
24414 -49
24416 -49
24418 -49
24419 -49
24420 -49
24421 -49
24422 -49
24423 -49
24424 -49
24425 -49
24426 -49
24427 -49
24428 -49
24429 -49
24430 -49
24431 -49
24432 -49
24433 -49
24434 -49
24435 -49
24436 -49
24438 -49
24439 -49
24441 -49
24442 -49
24443 -49
24444 -49
24445 -49
24446 -49
24447 -49
24448 -49
24449 -49
24450 -49
24451 -49
24452 -49
24453 -49
24454 -49
24455 -49
24456 -49
24457 -49
24458 -49
24459 -49
24460 -50
24461 -49
24462 -49
24463 -49
24464 -49
24465 -49
24466 -49
24468 -49
24470 -49
24472 -49
24473 -49
24474 -49
24475 -49
24476 -49
24477 -49
24478 -49
24480 -49
24481 -49
24482 -49
24483 -49
24484 -49
24485 -49
24486 -49
24487 -49
24488 -49
24489 -49
24490 -49
24491 -49
24492 -49
24493 -49
24494 -49
24495 -49
24496 -49
24497 -49
24498 -49
24499 -49
24500 -49
24501 -49
24503 -49
24504 -49
24505 -49
24506 -49
24507 -49
24508 -49
24509 -49
24510 -49
24511 -49
24512 -49
24514 -49
24515 -49
24516 -49
24517 -49
24518 -49
24519 -49
24521 -49
24522 -49
24523 -49
24524 -49
24525 -49
24528 -49
24529 -49
24530 -49
24531 -49
24532 -49
24533 -49
24534 -49
24535 -49
24536 -49
24537 -50
24538 -49
24539 -49
24540 -49
24541 -49
24542 -49
24543 -49
24544 -49
24545 -49
24546 -49
24547 -49
24549 -49
24550 -49
24552 -49
24553 -50
24554 -49
24555 -49
24556 -49
24558 -49
24559 -50
24560 -49
24561 -50
24562 -50
24563 -50
24564 -50
24565 -50
24567 -50
24568 -50
24569 -50
24570 -50
24571 -50
24572 -50
24573 -50
24574 -50
24575 -50
24578 -50
24579 -50
24580 -50
24581 -50
24582 -50
24584 -50
24585 -50
24586 -50
24587 -50
24588 -50
24589 -50
24590 -49
24591 -50
24592 -50
24593 -50
24595 -50
24596 -50
24597 -50
24598 -50
24599 -50
24600 -50
24601 -50
24602 -51
24603 -50
24604 -50
24605 -50
24606 -50
24607 -50
24609 -50
24610 -50
24611 -50
24613 -50
24614 -50
24615 -50
24616 -50
24617 -50
24618 -50
24619 -50
24620 -49
24621 -50
24622 -50
24624 -50
24625 -50
24626 -50
24627 -50
24629 -50
24630 -50
24631 -50
24632 -50
24633 -50
24634 -50
24635 -50
24636 -50
24637 -50
24638 -50
24639 -50
24640 -48
24641 -50
24643 -50
24644 -50
24645 -50
24646 -50
24647 -50
24648 -50
24649 -50
24651 -50
24652 -50
24653 -50
24654 -50
24655 -50
24656 -50
24657 -50
24658 -50
24660 -50
24661 -50
24662 -50
24663 -50
24664 -50
24665 -50
24666 -50
24667 -50
24668 -50
24669 -50
24670 -50
24671 -50
24672 -50
24673 -50
24674 -50
24675 -50
24676 -50
24677 -50
24678 -50
24679 -50
24680 -50
24681 -50
24682 -50
24683 -50
24684 -50
24685 -50
24686 -50
24687 -50
24688 -50
24689 -50
24690 -50
24691 -50
24692 -50
24693 -49
24694 -49
24695 -49
24696 -50
24697 -50
24698 -50
24699 -49
24700 -49
24701 -49
24702 -50
24703 -49
24704 -49
24705 -49
24706 -49
24707 -50
24708 -49
24709 -50
24710 -50
24711 -49
24713 -49
24714 -49
24716 -49
24717 -50
24718 -49
24719 -49
24720 -49
24721 -49
24722 -49
24723 -49
24724 -49
24725 -49
24726 -49
24727 -49
24728 -49
24729 -49
24731 -49
24732 -49
24733 -49
24734 -49
24735 -49
24736 -49
24737 -49
24738 -49
24739 -49
24740 -49
24741 -49
24742 -49
24743 -49
24744 -49
24745 -49
24746 -49
24747 -49
24748 -49
24749 -49
24750 -49
24751 -49
24752 -49
24753 -49
24754 -49
24755 -49
24756 -49
24757 -49
24758 -49
24759 -49
24761 -49
24763 -49
24764 -49
24765 -49
24766 -49
24767 -49
24768 -49
24769 -49
24770 -50
24771 -49
24772 -49
24773 -49
24774 -49
24775 -49
24776 -49
24777 -49
24778 -49
24779 -49
24781 -49
24782 -49
24783 -49
24785 -49
24786 -49
24787 -49
24788 -49
24789 -49
24790 -48
24791 -49
24793 -49
24794 -49
24796 -48
24797 -49
24798 -48
24799 -49
24800 -49
24801 -49
24802 -48
24803 -49
24804 -49
24805 -48
24806 -48
24807 -49
24808 -49
24809 -49
24810 -49
24811 -49
24812 -49
24813 -49
24814 -49
24815 -49
24816 -49
24817 -48
24818 -49
24819 -49
24820 -49
24821 -49
24822 -48
24823 -49
24824 -48
24825 -49
24826 -49
24827 -49
24828 -48
24829 -48
24830 -48
24831 -49
24832 -49
24833 -49
24834 -49
24835 -49
24836 -49
24837 -49
24838 -49
24839 -49
24840 -49
24841 -49
24842 -49
24843 -49
24844 -49
24845 -49
24846 -49
24847 -49
24848 -49
24849 -49
24850 -49
24851 -47
24852 -49
24853 -49
24856 -49
24857 -49
24858 -49
24859 -49
24860 -49
24861 -49
24862 -49
24863 -48
24864 -47
24865 -47
24866 -47
24868 -48
24869 -48
24871 -48
24872 -49
24873 -49
24875 -50
24876 -50
24878 -50
24879 -50
24880 -50
24881 -51
24882 -50
24883 -51
24884 -50
24885 -51
24886 -51
24888 -51
24889 -51
24890 -52
24891 -52
24892 -53
24893 -53
24894 -53
24895 -54
24896 -53
24897 -52
24898 -52
24899 -51
24900 -51
24904 -49
24905 -49
24906 -49
24907 -49
24908 -50
24909 -50
24910 -50
24911 -50
24912 -50
24913 -50
24915 -50
24916 -50
24917 -50
24919 -49
24920 -50
24921 -50
24922 -50
24923 -50
24924 -50
24925 -49
24926 -49
24927 -49
24928 -49
24929 -49
24932 -48
24934 -48
24935 -48
24936 -49
24937 -49
24938 -49
24939 -49
24940 -49
24941 -49
24942 -50
24943 -49
24944 -49
24945 -49
24946 -49
24947 -49
24948 -49
24949 -49
24950 -49
24952 -49
24953 -48
24954 -48
24955 -46
24956 -48
24957 -47
24958 -47
24959 -47
24960 -47
24961 -46
24962 -46
24963 -44
24964 -44
24965 -46
24966 -43
24967 -43
24968 -43
24969 -46
24970 -46
24971 -46
24972 -47
24973 -47
24974 -48
24975 -48
24976 -49
24978 -49
24979 -49
24980 -49
24981 -49
24982 -50
24983 -51
24984 -51
24985 -51
24987 -49
24988 -48
24989 -48
24990 -48
24991 -47
24992 -47
24993 -47
24994 -47
24995 -48
24997 -47
24998 -47
24999 -47
25000 -48
25002 -48
25004 -48
25005 -49
25006 -48
25007 -48
25008 -48
25009 -46
25010 -47
25011 -47
25012 -48
25013 -48
25014 -48
25015 -48
25017 -48
25018 -48
25019 -48
25020 -48
25021 -49
25022 -49
25023 -49
25024 -49
25025 -49
25026 -50
25027 -49
25028 -49
25029 -49
25030 -49
25031 -49
25032 -48
25033 -48
25034 -48
25035 -48
25036 -48
25037 -48
25039 -48
25040 -48
25041 -49
25042 -49
25043 -49
25044 -48
25045 -48
25046 -48
25047 -48
25048 -48
25050 -47
25051 -47
25052 -47
25053 -47
25054 -47
25055 -48
25056 -48
25057 -48
25058 -48
25059 -48
25060 -48
25061 -48
25062 -48
25063 -48
25064 -48
25066 -48
25067 -48
25068 -48
25069 -48
25070 -48
25071 -49
25072 -49
25073 -49
25074 -49
25075 -49
25076 -49
25077 -49
25078 -49
25079 -48
25080 -48
25081 -48
25082 -48
25083 -48
25085 -48
25086 -48
25087 -48
25088 -48
25089 -48
25090 -48
25091 -48
25092 -48
25093 -48
25094 -48
25095 -48
25096 -48
25097 -48
25098 -48
25099 -48
25100 -48
25101 -48
25102 -48
25103 -46
25104 -48
25105 -48
25106 -48
25107 -48
25108 -48
25109 -47
25110 -48
25111 -47
25112 -48
25113 -47
25114 -47
25115 -47
25116 -47
25117 -47
25118 -47
25120 -47
25121 -48
25122 -48
25123 -48
25124 -49
25125 -49
25127 -49
25128 -48
25129 -48
25130 -48
25131 -48
25132 -47
25133 -48
25134 -48
25135 -48
25136 -47
25137 -46
25138 -48
25139 -48
25140 -48
25141 -48
25143 -48
25144 -49
25146 -48
25147 -48
25148 -48
25149 -48
25150 -48
25152 -48
25153 -48
25154 -49
25155 -49
25156 -49
25157 -49
25158 -49
25159 -49
25160 -49
25161 -49
25162 -49
25163 -49
25164 -49
25165 -49
25166 -49
25167 -49
25168 -49
25169 -49
25170 -49
25171 -49
25172 -49
25173 -49
25174 -49
25175 -49
25176 -49
25177 -49
25178 -49
25179 -49
25180 -49
25181 -49
25182 -49
25183 -49
25184 -49
25185 -49
25186 -49
25187 -49
25190 -49
25191 -49
25192 -49
25194 -50
25195 -50
25196 -50
25197 -50
25198 -49
25199 -49
25200 -49
25201 -49
25202 -49
25203 -49
25204 -49
25206 -49
25207 -49
25208 -49
25209 -49
25210 -49
25211 -50
25212 -50
25213 -49
25214 -49
25215 -49
25217 -49
25218 -48
25219 -48
25220 -48
25221 -48
25222 -49
25223 -49
25224 -49
25225 -49
25226 -49
25228 -49
25229 -49
25230 -48
25231 -48
25232 -48
25233 -48
25234 -48
25235 -47
25236 -47
25237 -47
25238 -47
25239 -47
25240 -46
25241 -44
25242 -43
25243 -43
25244 -42
25245 -46
25246 -43
25247 -43
25248 -43
25249 -43
25250 -43
25251 -43
25252 -42
25253 -42
25254 -42
25255 -42
25256 -42
25258 -42
25259 -42
25260 -42
25261 -42
25262 -42
25264 -41
25265 -42
25266 -42
25267 -42
25268 -42
25269 -42
25270 -42
25271 -42
25272 -42
25273 -43
25274 -43
25275 -43
25276 -43
25277 -43
25278 -43
25279 -43
25281 -43
25282 -43
25283 -46
25284 -46
25285 -46
25286 -46
25287 -44
25288 -44
25289 -46
25290 -46
25291 -41
25292 -43
25293 -46
25297 -46
25298 -46
25299 -43
25300 -43
25301 -43
25302 -43
25303 -43
25305 -43
25307 -43
25308 -43
25309 -43
25310 -43
25312 -43
25313 -43
25316 -42
25317 -43
25318 -43
25319 -43
25320 -43
25321 -43
25322 -43
25323 -42
25324 -42
25325 -43
25326 -43
25327 -42
25329 -43
25330 -43
25331 -43
25332 -43
25333 -42
25334 -43
25335 -43
25336 -44
25337 -43
25338 -46
25339 -46
25340 -46
25341 -44
25342 -46
25343 -44
25344 -44
25346 -46
25349 -46
25350 -46
25351 -44
25352 -46
25353 -46
25354 -46
25355 -46
25356 -46
25357 -47
25358 -47
25359 -47
25360 -47
25361 -47
25362 -47
25363 -47
25364 -47
25366 -47
25367 -47
25368 -47
25369 -47
25370 -47
25371 -46
25372 -46
25373 -46
25374 -43
25377 -42
25379 -42
25380 -43
25381 -43
25382 -43
25383 -42
25384 -42
25385 -43
25386 -46
25387 -43
25389 -43
25390 -43
25391 -43
25392 -43
25393 -43
25394 -46
25395 -43
25396 -46
25397 -43
25398 -43
25399 -43
25400 -44
25401 -46
25402 -47
25404 -47
25405 -47
25407 -44
25408 -47
25409 -47
25410 -47
25411 -47
25413 -47
25414 -47
25415 -46
25416 -46
25417 -46
25418 -44
25419 -46
25420 -46
25421 -44
25422 -46
25423 -46
25424 -43
25425 -43
25426 -42
25427 -42
25428 -42
25430 -42
25431 -42
25432 -42
25433 -43
25434 -42
25435 -42
25436 -42
25437 -42
25438 -42
25439 -42
25440 -42
25441 -42
25442 -42
25443 -42
25444 -42
25446 -42
25447 -42
25448 -42
25449 -42
25450 -42
25451 -43
25452 -43
25454 -43
25455 -43
25456 -43
25457 -43
25458 -43
25459 -43
25460 -43
25462 -42
25463 -42
25464 -42
25465 -42
25466 -42
25467 -42
25468 -42
25469 -42
25470 -42
25472 -40
25473 -42
25474 -42
25476 -42
25477 -42
25478 -42
25479 -42
25480 -42
25481 -42
25482 -41
25483 -42
25484 -42
25485 -42
25486 -42
25487 -42
25488 -42
25489 -42
25490 -42
25491 -42
25492 -42
25494 -42
25495 -42
25496 -42
25497 -42
25498 -42
25499 -42
25500 -42
25501 -42
25502 -42
25503 -42
25504 -42
25505 -42
25506 -42
25507 -42
25508 -42
25509 -42
25511 -42
25512 -42
25513 -42
25514 -42
25515 -42
25516 -42
25517 -42
25518 -41
25520 -41
25522 -41
25523 -41
25524 -41
25525 -42
25526 -41
25527 -41
25528 -41
25529 -41
25530 -42
25531 -41
25532 -41
25533 -41
25534 -41
25535 -42
25536 -41
25537 -41
25538 -41
25539 -42
25540 -41
25541 -42
25542 -42
25543 -42
25544 -42
25545 -42
25546 -42
25547 -41
25548 -42
25549 -42
25550 -42
25551 -42
25552 -42
25553 -42
25554 -42
25556 -42
25557 -42
25558 -42
25561 -42
25562 -42
25563 -42
25564 -42
25566 -42
25567 -42
25569 -42
25570 -42
25571 -43
25573 -42
25574 -42
25575 -42
25576 -42
25577 -42
25578 -42
25580 -42
25581 -42
25582 -43
25583 -42
25584 -43
25585 -43
25586 -43
25587 -43
25588 -43
25589 -43
25590 -43
25591 -43
25594 -46
25595 -46
25596 -44
25598 -46
25599 -46
25600 -41
25601 -44
25602 -46
25603 -46
25604 -46
25606 -46
25607 -46
25608 -46
25609 -46
25610 -44
25611 -46
25612 -44
25613 -47
25614 -46
25615 -46
25617 -44
25618 -46
25619 -46
25621 -44
25622 -44
25623 -46
25624 -46
25625 -46
25626 -46
25627 -44
25628 -46
25629 -44
25630 -46
25631 -46
25632 -46
25633 -43
25634 -46
25635 -44
25636 -43
25637 -46
25638 -44
25639 -43
25640 -44
25641 -46
25642 -46
25643 -44
25644 -46
25645 -46
25646 -46
25648 -46
25649 -46
25650 -46
25651 -46
25652 -46
25653 -46
25654 -46
25655 -46
25657 -46
25659 -47
25660 -47
25661 -44
25662 -46
25663 -46
25664 -47
25665 -44
25666 -44
25667 -44
25668 -46
25669 -43
25670 -46
25671 -46
25672 -43
25673 -46
25674 -46
25675 -43
25676 -46
25677 -46
25679 -46
25680 -43
25681 -46
25682 -46
25683 -43
25685 -43
25686 -46
25687 -43
25688 -43
25689 -46
25691 -46
25692 -46
25693 -43
25694 -43
25695 -43
25696 -42
25697 -42
25698 -42
25699 -42
25700 -43
25701 -43
25702 -42
25703 -42
25706 -42
25707 -42
25708 -42
25709 -42
25710 -43
25712 -43
25713 -43
25715 -42
25716 -42
25717 -42
25718 -42
25719 -42
25720 -42
25722 -42
25723 -42
25724 -42
25725 -42
25726 -42
25727 -42
25728 -42
25729 -43
25730 -42
25731 -47
25732 -43
25733 -42
25734 -42
25735 -42
25736 -42
25737 -42
25738 -42
25739 -41
25740 -41
25741 -42
25742 -42
25743 -42
25744 -42
25745 -41
25746 -41
25747 -41
25748 -40
25749 -41
25750 -40
25751 -41
25752 -41
25753 -41
25754 -41
25755 -41
25756 -41
25757 -41
25758 -41
25759 -41
25760 -41
25762 -41
25763 -41
25764 -41
25766 -41
25767 -41
25768 -41
25769 -41
25770 -41
25771 -41
25772 -41
25773 -41
25774 -42
25775 -41
25776 -42
25777 -40
25778 -42
25779 -42
25780 -42
25781 -42
25782 -42
25783 -42
25784 -42
25786 -41
25788 -42
25789 -41
25791 -42
25792 -42
25793 -42
25794 -42
25795 -42
25796 -42
25797 -42
25798 -42
25800 -42
25801 -42
25802 -42
25803 -42
25804 -42
25805 -42
25806 -42
25807 -42
25808 -42
25809 -42
25810 -41
25811 -42
25812 -42
25813 -42
25814 -42
25815 -42
25816 -42
25817 -42
25818 -42
25819 -42
25820 -42
25821 -42
25822 -42
25823 -41
25825 -41
25826 -41
25827 -41
25828 -41
25829 -41
25830 -42
25831 -40
25832 -42
25833 -42
25834 -42
25835 -41
25836 -42
25837 -42
25838 -42
25839 -42
25840 -42
25841 -42
25842 -42
25844 -43
25845 -43
25846 -43
25847 -43
25848 -42
25849 -46
25850 -43
25851 -43
25852 -43
25853 -43
25854 -43
25855 -43
25856 -43
25857 -42
25858 -42
25859 -43
25860 -43
25861 -43
25862 -43
25864 -43
25865 -46
25866 -43
25867 -46
25868 -43
25869 -42
25871 -42
25872 -42
25874 -42
25875 -42
25876 -42
25877 -42
25879 -42
25880 -42
25881 -42
25882 -42
25883 -42
25884 -41
25885 -42
25887 -42
25888 -42
25889 -42
25890 -42
25891 -43
25892 -42
25893 -43
25894 -43
25895 -42
25896 -45
25897 -43
25898 -43
25900 -46
25901 -43
25902 -46
25903 -46
25904 -46
25905 -43
25907 -46
25908 -44
25909 -44
25910 -46
25912 -47
25914 -47
25915 -47
25916 -48
25917 -48
25918 -48
25919 -48
25920 -48
25921 -48
25922 -48
25923 -48
25924 -48
25926 -49
25927 -49
25928 -49
25929 -49
25930 -49
25931 -49
25933 -50
25934 -50
25935 -51
25936 -51
25937 -50
25938 -50
25939 -50
25940 -50
25941 -50
25942 -50
25943 -50
25944 -50
25945 -50
25946 -49
25947 -49
25949 -49
25950 -49
25953 -49
25954 -49
25955 -49
25956 -50
25957 -49
25958 -50
25959 -49
25961 -49
25964 -49
25965 -49
25966 -49
25967 -49
25968 -49
25969 -49
25970 -49
25971 -48
25972 -48
25974 -48
25976 -48
25978 -48
25979 -48
25980 -48
25981 -49
25982 -48
25983 -49
25985 -48
25986 -49
25987 -48
25988 -49
25989 -48
25990 -48
25991 -48
25992 -49
25993 -49
25994 -49
25995 -49
25996 -49
25997 -49
25998 -50
26001 -50
26002 -50
26003 -50
26004 -51
26005 -51
26006 -51
26007 -51
26008 -51
26010 -51
26011 -51
26012 -51
26013 -51
26014 -51
26015 -51
26016 -51
26017 -51
26018 -51
26019 -51
26020 -51
26021 -50
26022 -50
26023 -50
26024 -50
26025 -50
26026 -49
26027 -50
26028 -50
26029 -49
26030 -49
26031 -49
26032 -49
26033 -49
26034 -49
26035 -49
26036 -49
26037 -49
26038 -49
26039 -49
26040 -49
26041 -49
26043 -49
26044 -49
26045 -49
26046 -49
26047 -49
26048 -49
26049 -49
26051 -49
26052 -49
26053 -49
26055 -49
26056 -49
26057 -49
26059 -49
26061 -49
26062 -49
26063 -49
26064 -49
26065 -48
26066 -48
26067 -48
26068 -48
26069 -48
26070 -48
26071 -48
26072 -48
26073 -48
26074 -48
26075 -48
26076 -48
26078 -47
26079 -47
26080 -47
26081 -47
26083 -47
26084 -47
26085 -47
26086 -47
26087 -47
26088 -47
26089 -47
26090 -47
26092 -47
26093 -47
26094 -47
26095 -47
26096 -47
26098 -47
26099 -47
26100 -47
26101 -47
26102 -47
26103 -47
26104 -47
26105 -47
26107 -48
26109 -48
26110 -48
26111 -48
26112 -48
26113 -48
26114 -48
26115 -48
26116 -48
26118 -47
26119 -48
26120 -48
26121 -48
26123 -49
26124 -48
26125 -49
26126 -49
26127 -50
26128 -49
26129 -49
26130 -49
26131 -50
26132 -50
26133 -50
26135 -50
26136 -50
26137 -51
26138 -51
26139 -51
26141 -52
26142 -52
26144 -52
26145 -52
26146 -52
26147 -51
26148 -51
26149 -50
26150 -50
26151 -47
26152 -49
26153 -49
26154 -49
26155 -49
26156 -49
26157 -49
26158 -49
26159 -48
26160 -48
26161 -48
26162 -47
26163 -47
26164 -47
26166 -47
26167 -47
26168 -47
26170 -47
26171 -44
26172 -46
26173 -46
26174 -46
26175 -46
26176 -46
26177 -46
26178 -47
26180 -44
26181 -46
26182 -46
26183 -46
26184 -47
26185 -46
26186 -47
26187 -44
26188 -46
26189 -46
26191 -46
26192 -46
26193 -46
26194 -47
26195 -44
26196 -47
26197 -47
26199 -44
26200 -47
26201 -47
26202 -47
26204 -47
26205 -47
26206 -47
26207 -44
26209 -47
26211 -47
26212 -47
26213 -47
26214 -47
26215 -47
26216 -47
26217 -46
26218 -47
26220 -47
26221 -47
26222 -47
26223 -44
26224 -47
26225 -44
26226 -44
26227 -44
26228 -44
26229 -46
26230 -47
26231 -47
26232 -46
26233 -46
26234 -47
26235 -47
26236 -47
26237 -47
26238 -47
26239 -47
26240 -47
26241 -47
26242 -47
26244 -47
26245 -47
26246 -47
26247 -47
26248 -47
26249 -47
26250 -47
26251 -47
26252 -48
26253 -47
26254 -47
26255 -47
26257 -48
26258 -48
26259 -47
26260 -48
26261 -48
26262 -49
26263 -49
26264 -49
26265 -49
26266 -49
26267 -49
26268 -49
26269 -49
26270 -49
26271 -49
26272 -49
26273 -48
26274 -48
26275 -48
26276 -48
26277 -48
26278 -48
26279 -46
26280 -47
26281 -47
26282 -47
26283 -47
26284 -47
26285 -46
26286 -47
26287 -47
26288 -47
26289 -48
26290 -49
26291 -49
26292 -49
26293 -49
26295 -49
26297 -49
26298 -49
26299 -50
26300 -50
26301 -50
26302 -50
26303 -50
26304 -50
26307 -50
26308 -50
26309 -50
26310 -50
26312 -50
26313 -50
26314 -50
26315 -50
26316 -51
26319 -51
26320 -51
26321 -51
26322 -52
26323 -52
26324 -52
26325 -52
26326 -52
26327 -52
26329 -52
26330 -52
26331 -52
26332 -52
26333 -51
26334 -51
26335 -51
26336 -51
26337 -51
26338 -51
26339 -51
26340 -50
26341 -50
26342 -50
26343 -50
26344 -50
26345 -50
26346 -51
26347 -50
26348 -50
26349 -50
26350 -50
26351 -50
26352 -50
26353 -50
26354 -50
26355 -49
26356 -49
26357 -49
26359 -49
26360 -49
26361 -48
26362 -49
26363 -48
26366 -49
26369 -49
26370 -49
26372 -48
26374 -49
26376 -49
26378 -49
26379 -49
26380 -49
26381 -49
26382 -49
26383 -49
26385 -49
26386 -49
26387 -49
26388 -49
26389 -49
26390 -49
26391 -49
26392 -49
26394 -49
26395 -49
26396 -49
26397 -49
26398 -49
26399 -49
26400 -49
26401 -49
26402 -49
26403 -49
26404 -49
26405 -49
26406 -49
26407 -49
26409 -49
26410 -48
26411 -49
26412 -48
26413 -48
26414 -48
26415 -49
26417 -48
26419 -48
26420 -48
26422 -48
26423 -48
26424 -48
26425 -49
26426 -48
26427 -48
26428 -48
26429 -48
26431 -48
26432 -48
26433 -48
26434 -49
26435 -48
26438 -48
26439 -48
26441 -48
26442 -49
26443 -49
26444 -49
26445 -49
26447 -49
26448 -49
26449 -49
26450 -49
26451 -49
26452 -49
26453 -49
26454 -49
26455 -49
26457 -48
26458 -48
26459 -49
26460 -48
26461 -48
26462 -48
26463 -48
26464 -48
26465 -48
26466 -48
26467 -48
26468 -48
26469 -49
26470 -48
26472 -49
26473 -49
26474 -49
26475 -48
26476 -48
26477 -49
26478 -48
26479 -48
26482 -48
26483 -48
26484 -48
26486 -48
26488 -48
26489 -48
26490 -48
26491 -48
26492 -48
26493 -48
26494 -48
26495 -48
26496 -48
26497 -48
26498 -48
26499 -48
26500 -48
26501 -48
26502 -48
26504 -48
26505 -49
26506 -49
26508 -49
26509 -49
26510 -49
26511 -49
26512 -49
26513 -49
26514 -49
26515 -49
26516 -49
26517 -49
26518 -49
26519 -49
26520 -49
26521 -48
26522 -49
26523 -49
26524 -49
26525 -49
26526 -49
26528 -48
26530 -48
26531 -47
26532 -48
26533 -47
26534 -47
26535 -47
26536 -47
26537 -47
26538 -47
26539 -47
26540 -47
26541 -47
26543 -47
26544 -48
26545 -47
26546 -47
26547 -47
26548 -47
26549 -47
26550 -47
26551 -44
26552 -46
26553 -46
26554 -47
26555 -46
26556 -44
26557 -46
26558 -46
26560 -44
26561 -46
26562 -46
26563 -46
26564 -44
26565 -46
26566 -43
26567 -43
26568 -43
26569 -43
26570 -43
26571 -43
26572 -43
26573 -43
26574 -42
26576 -43
26577 -43
26578 -43
26579 -43
26580 -44
26581 -46
26582 -46
26583 -46
26584 -44
26585 -46
26586 -46
26587 -46
26588 -46
26589 -43
26590 -43
26591 -43
26592 -46
26593 -43
26594 -43
26595 -43
26596 -45
26598 -43
26601 -43
26602 -43
26603 -46
26605 -43
26606 -46
26608 -46
26609 -44
26610 -44
26611 -46
26613 -46
26614 -46
26615 -46
26616 -46
26617 -47
26618 -46
26620 -47
26621 -46
26622 -46
26623 -46
26624 -46
26625 -46
26626 -44
26627 -46
26628 -46
26630 -44
26631 -46
26632 -44
26633 -46
26634 -47
26636 -47
26637 -47
26638 -47
26640 -47
26641 -47
26642 -48
26643 -48
26644 -48
26645 -48
26646 -47
26648 -47
26649 -47
26650 -47
26651 -47
26652 -44
26653 -44
26654 -46
26655 -46
26656 -44
26657 -46
26658 -46
26661 -46
26662 -43
26663 -46
26664 -46
26665 -46
26667 -44
26668 -46
26669 -43
26670 -46
26671 -43
26673 -43
26674 -46
26675 -46
26676 -44
26677 -46
26678 -46
26680 -42
26682 -47
26683 -47
26684 -46
26686 -46
26687 -46
26690 -46
26692 -46
26695 -46
26696 -46
26697 -43
26698 -46
26699 -43
26701 -43
26702 -43
26704 -46
26705 -46
26707 -46
26708 -43
26709 -43
26711 -43
26712 -43
26713 -46
26714 -47
26715 -46
26716 -46
26717 -43
26718 -46
26719 -43
26720 -46
26721 -43
26723 -43
26724 -44
26725 -46
26726 -46
26727 -43
26728 -46
26729 -44
26730 -46
26731 -44
26732 -43
26733 -46
26734 -46
26735 -46
26736 -46
26737 -44
26738 -46
26739 -44
26740 -46
26742 -46
26743 -46
26745 -46
26746 -46
26747 -46
26748 -46
26749 -46
26751 -44
26752 -46
26754 -46
26756 -46
26758 -46
26759 -46
26760 -46
26761 -46
26762 -46
26764 -43
26765 -44
26766 -46
26767 -46
26768 -46
26770 -46
26771 -46
26772 -46
26773 -46
26774 -43
26776 -46
26778 -43
26780 -43
26781 -46
26782 -43
26783 -43
26784 -43
26785 -46
26786 -46
26787 -46
26788 -43
26789 -46
26791 -43
26794 -43
26795 -43
26797 -43
26798 -43
26799 -43
26800 -46
26801 -46
26802 -43
26803 -46
26804 -46
26806 -46
26807 -46
26808 -44
26809 -47
26810 -46
26811 -46
26812 -46
26813 -44
26814 -46
26815 -44
26816 -44
26817 -44
26818 -44
26819 -46
26820 -46
26821 -46
26822 -46
26823 -46
26825 -43
26826 -45
26828 -43
26829 -43
26830 -43
26831 -42
26832 -43
26833 -42
26834 -43
26835 -43
26836 -43
26837 -43
26838 -43
26839 -43
26840 -42
26841 -43
26842 -43
26843 -42
26844 -42
26845 -43
26846 -42
26847 -43
26848 -43
26849 -42
26850 -43
26851 -43
26852 -43
26854 -42
26855 -43
26856 -43
26857 -43
26858 -46
26859 -43
26860 -46
26861 -46
26862 -43
26863 -44
26864 -46
26865 -46
26866 -46
26867 -46
26868 -46
26869 -46
26870 -46
26871 -46
26872 -46
26874 -46
26875 -44
26876 -46
26877 -46
26878 -44
26879 -46
26880 -43
26881 -46
26883 -46
26884 -43
26886 -43
26887 -43
26888 -43
26889 -43
26890 -43
26891 -46
26893 -43
26894 -43
26895 -46
26896 -43
26897 -43
26898 -43
26899 -43
26900 -43
26901 -43
26902 -43
26903 -43
26904 -43
26905 -43
26906 -43
26907 -45
26908 -46
26909 -43
26910 -46
26911 -43
26912 -43
26913 -46
26914 -43
26915 -44
26916 -44
26917 -46
26918 -46
26919 -46
26920 -46
26921 -46
26922 -46
26923 -46
26924 -46
26925 -46
26926 -44
26927 -46
26929 -47
26930 -47
26932 -47
26933 -47
26934 -47
26935 -48
26936 -47
26937 -45
26938 -47
26939 -47
26940 -47
26941 -47
26942 -47
26943 -47
26944 -47
26945 -48
26946 -47
26947 -47
26948 -45
26949 -47
26950 -47
26951 -46
26952 -46
26953 -44
26954 -46
26955 -46
26956 -46
26957 -46
26958 -43
26960 -43
26961 -46
26962 -43
26963 -44
26964 -46
26965 -46
26966 -44
26967 -46
26968 -44
26969 -43
26970 -43
26971 -46
26972 -45
26973 -43
26974 -43
26975 -42
26976 -43
26977 -43
26978 -43
26979 -46
26980 -43
26981 -43
26982 -43
26983 -43
26984 -42
26985 -43
26986 -43
26987 -42
26989 -42
26991 -42
26992 -42
26993 -43
26994 -42
26995 -42
26996 -43
26997 -42
26998 -42
26999 -42
27000 -42
27001 -43
27002 -43
27003 -42
27004 -43
27006 -43
27007 -42
27008 -42
27009 -43
27010 -42
27011 -42
27012 -42
27013 -42
27014 -42
27015 -42
27016 -42
27017 -42
27018 -42
27020 -42
27021 -42
27022 -42
27023 -42
27024 -42
27025 -42
27026 -42
27028 -42
27029 -42
27030 -42
27031 -42
27032 -42
27033 -42
27034 -42
27035 -42
27036 -42
27037 -42
27038 -42
27039 -42
27041 -41
27042 -41
27044 -41
27045 -41
27047 -41
27048 -41
27049 -41
27050 -42
27051 -42
27053 -42
27054 -42
27056 -42
27057 -42
27058 -42
27059 -42
27060 -42
27061 -42
27062 -42
27063 -43
27064 -42
27065 -42
27066 -42
27068 -42
27069 -42
27071 -42
27072 -42
27073 -42
27074 -41
27075 -42
27076 -41
27077 -41
27078 -41
27079 -41
27080 -41
27081 -41
27082 -41
27083 -41
27084 -41
27085 -41
27086 -41
27087 -41
27088 -41
27089 -41
27090 -41
27091 -40
27092 -40
27093 -40
27094 -40
27095 -40
27096 -40
27097 -40
27098 -40
27099 -40
27100 -40
27101 -40
27102 -41
27103 -41
27104 -41
27105 -41
27106 -41
27107 -41
27108 -41
27109 -41
27111 -41
27112 -41
27114 -41
27115 -41
27116 -41
27117 -41
27118 -41
27119 -40
27120 -42
27121 -42
27122 -42
27123 -42
27124 -42
27126 -42
27127 -42
27128 -42
27129 -42
27130 -42
27131 -42
27132 -42
27133 -43
27134 -43
27135 -43
27136 -43
27137 -43
27138 -46
27139 -44
27140 -46
27141 -44
27142 -46
27143 -47
27144 -47
27145 -47
27146 -47
27147 -47
27148 -47
27149 -47
27150 -47
27151 -47
27154 -46
27155 -47
27156 -47
27157 -47
27158 -47
27159 -47
27160 -47
27161 -46
27163 -44
27164 -46
27165 -46
27167 -46
27168 -46
27169 -46
27170 -46
27171 -46
27174 -47
27176 -47
27178 -47
27179 -47
27180 -47
27181 -47
27182 -47
27184 -47
27185 -47
27186 -47
27187 -47
27188 -47
27189 -47
27190 -47
27192 -47
27194 -46
27195 -46
27196 -44
27197 -46
27198 -47
27199 -47
27200 -47
27201 -47
27202 -47
27204 -47
27205 -47
27206 -47
27207 -47
27208 -47
27209 -47
27210 -47
27211 -48
27212 -47
27213 -48
27214 -48
27215 -48
27216 -48
27218 -48
27219 -48
27220 -48
27221 -46
27222 -47
27223 -47
27224 -48
27225 -48
27226 -48
27227 -49
27228 -49
27229 -50
27232 -49
27233 -50
27234 -49
27235 -50
27236 -50
27237 -50
27238 -51
27239 -52
27240 -52
27241 -53
27242 -53
27244 -52
27245 -52
27246 -52
27247 -52
27249 -53
27250 -52
27251 -52
27252 -52
27253 -52
27254 -52
27255 -51
27256 -51
27257 -51
27258 -50
27259 -51
27261 -50
27262 -50
27263 -50
27264 -50
27265 -49
27266 -49
27267 -49
27268 -49
27269 -50
27271 -49
27272 -49
27273 -49
27274 -49
27275 -49
27276 -49
27277 -49
27278 -49
27279 -49
27280 -49
27281 -49
27282 -49
27283 -49
27284 -49
27285 -48
27286 -48
27287 -48
27288 -48
27290 -48
27291 -48
27292 -48
27294 -48
27295 -48
27296 -48
27297 -48
27298 -48
27299 -48
27300 -48
27301 -48
27302 -48
27303 -48
27304 -48
27305 -48
27306 -48
27307 -49
27308 -49
27309 -49
27310 -49
27311 -49
27312 -49
27313 -49
27314 -49
27315 -49
27316 -49
27317 -49
27318 -49
27319 -49
27320 -49
27321 -49
27324 -49
27325 -49
27326 -49
27327 -49
27328 -49
27329 -49
27331 -49
27332 -49
27333 -48
27334 -48
27336 -48
27337 -48
27338 -48
27339 -48
27340 -48
27341 -48
27342 -49
27343 -49
27344 -49
27345 -50
27346 -50
27347 -50
27349 -50
27350 -50
27351 -50
27352 -49
27353 -49
27354 -48
27355 -48
27356 -48
27358 -48
27359 -48
27361 -48
27364 -48
27365 -48
27366 -47
27367 -48
27368 -48
27370 -48
27371 -48
27372 -49
27373 -49
27374 -48
27375 -48
27377 -48
27378 -48
27380 -48
27381 -48
27383 -48
27384 -48
27385 -48
27388 -49
27389 -48
27390 -48
27391 -49
27392 -48
27393 -48
27395 -48
27396 -48
27398 -48
27400 -47
27401 -47
27402 -47
27403 -48
27404 -47
27405 -47
27406 -47
27407 -47
27408 -48
27409 -48
27410 -47
27411 -48
27412 -47
27413 -48
27414 -48
27415 -48
27416 -48
27417 -48
27418 -49
27421 -48
27422 -48
27423 -48
27424 -48
27425 -49
27426 -49
27427 -49
27428 -49
27431 -49
27432 -49
27433 -49
27434 -49
27435 -49
27436 -49
27438 -49
27439 -49
27441 -49
27442 -49
27443 -49
27444 -49
27445 -49
27446 -49
27447 -49
27448 -49
27449 -49
27450 -49
27451 -49
27452 -49
27453 -49
27454 -49
27455 -49
27456 -49
27457 -49
27458 -49
27459 -49
27460 -49
27461 -49
27462 -49
27463 -49
27464 -49
27465 -50
27466 -50
27467 -50
27468 -50
27469 -49
27470 -50
27471 -50
27472 -49
27473 -49
27474 -50
27475 -50
27476 -50
27477 -50
27478 -50
27479 -50
27480 -50
27481 -50
27483 -50
27484 -50
27485 -50
27486 -50
27488 -51
27489 -51
27490 -51
27491 -51
27492 -51
27493 -51
27494 -51
27495 -51
27496 -51
27498 -51
27499 -51
27500 -51
27501 -52
27502 -52
27503 -52
27504 -52
27505 -52
27507 -52
27508 -52
27509 -51
27510 -52
27511 -52
27512 -51
27513 -52
27514 -51
27515 -51
27517 -51
27518 -51
27519 -51
27520 -51
27521 -51
27524 -51
27525 -51
27527 -52
27528 -51
27530 -51
27531 -51
27533 -51
27534 -52
27535 -51
27536 -51
27537 -52
27538 -51
27539 -51
27540 -51
27542 -51
27543 -51
27544 -51
27545 -51
27546 -51
27547 -51
27548 -50
27549 -50
27550 -50
27551 -51
27552 -50
27553 -50
27554 -50
27555 -50
27556 -50
27557 -50
27558 -48
27559 -50
27560 -50
27561 -50
27562 -50
27563 -50
27564 -50
27565 -50
27566 -50
27568 -50
27569 -49
27570 -50
27571 -50
27572 -50
27573 -48
27574 -50
27575 -50
27576 -50
27577 -50
27578 -50
27579 -50
27580 -50
27581 -50
27582 -50
27583 -50
27584 -50
27585 -50
27586 -50
27587 -50
27588 -50
27590 -50
27591 -50
27592 -50
27593 -50
27594 -50
27595 -49
27596 -49
27597 -49
27598 -49
27599 -49
27600 -49
27601 -49
27602 -48
27603 -48
27604 -48
27605 -48
27606 -47
27607 -47
27609 -47
27610 -47
27611 -47
27612 -47
27613 -47
27615 -47
27616 -47
27617 -47
27618 -47
27620 -47
27621 -48
27622 -47
27623 -46
27624 -48
27625 -48
27626 -47
27627 -47
27628 -48
27629 -47
27630 -46
27631 -48
27632 -48
27633 -48
27635 -47
27637 -48
27638 -48
27639 -48
27640 -48
27641 -48
27642 -48
27643 -48
27644 -48
27645 -47
27646 -48
27647 -48
27649 -47
27650 -47
27651 -47
27652 -47
27653 -47
27655 -47
27656 -47
27657 -47
27658 -47
27659 -47
27660 -47
27662 -47
27663 -48
27664 -47
27665 -48
27667 -48
27668 -48
27669 -48
27671 -48
27672 -48
27673 -48
27674 -48
27675 -48
27676 -48
27677 -48
27678 -48
27679 -48
27680 -47
27681 -48
27682 -48
27683 -48
27684 -48
27685 -48
27686 -48
27687 -48
27689 -48
27691 -48
27692 -48
27693 -48
27694 -48
27695 -48
27696 -49
27697 -48
27698 -48
27699 -48
27700 -48
27701 -48
27702 -48
27703 -48
27705 -48
27706 -48
27707 -48
27708 -48
27709 -48
27711 -48
27712 -48
27713 -48
27714 -48
27715 -48
27716 -48
27717 -48
27718 -48
27719 -48
27720 -48
27722 -48
27723 -48
27724 -48
27726 -48
27727 -48
27728 -48
27729 -48
27730 -48
27731 -48
27732 -48
27733 -48
27734 -48
27735 -48
27736 -48
27737 -48
27738 -48
27739 -48
27740 -48
27741 -48
27742 -48
27743 -48
27745 -48
27746 -48
27747 -48
27749 -48
27750 -48
27753 -48
27754 -48
27755 -48
27756 -48
27757 -48
27758 -48
27759 -49
27760 -48
27761 -48
27762 -48
27763 -48
27764 -49
27765 -48
27766 -49
27767 -49
27768 -49
27769 -48
27770 -48
27771 -49
27772 -49
27773 -48
27774 -49
27775 -49
27776 -49
27777 -49
27779 -49
27780 -49
27781 -49
27782 -49
27783 -48
27784 -48
27785 -49
27786 -49
27787 -49
27788 -49
27789 -49
27790 -49
27791 -48
27792 -49
27793 -49
27794 -49
27795 -49
27796 -49
27797 -48
27798 -49
27799 -49
27801 -49
27802 -49
27803 -49
27804 -48
27805 -48
27806 -48
27807 -48
27808 -48
27809 -48
27810 -48
27811 -48
27813 -48
27814 -48
27815 -48
27816 -47
27817 -48
27818 -48
27820 -48
27821 -48
27822 -48
27823 -48
27824 -48
27825 -49
27826 -48
27827 -48
27828 -48
27829 -48
27831 -48
27832 -48
27834 -48
27835 -48
27837 -48
27838 -48
27839 -48
27840 -48
27841 -48
27842 -48
27843 -48
27844 -48
27845 -47
27846 -48
27847 -48
27848 -48
27849 -47
27850 -48
27851 -48
27852 -48
27853 -48
27854 -48
27855 -48
27856 -48
27857 -48
27858 -48
27859 -48
27860 -48
27861 -48
27862 -48
27863 -48
27864 -48
27865 -48
27866 -48
27867 -48
27868 -48
27869 -48
27870 -48
27871 -48
27872 -48
27873 -48
27874 -46
27875 -46
27876 -47
27877 -47
27878 -48
27879 -47
27880 -47
27881 -47
27882 -47
27883 -47
27884 -47
27885 -47
27887 -47
27888 -47
27889 -47
27890 -47
27891 -47
27892 -48
27893 -48
27894 -47
27896 -47
27897 -48
27898 -48
27899 -48
27900 -48
27901 -48
27902 -48
27904 -48
27905 -48
27906 -48
27907 -48
27908 -48
27909 -48
27910 -48
27911 -48
27912 -48
27913 -48
27914 -48
27915 -48
27917 -48
27918 -47
27919 -47
27920 -47
27921 -47
27922 -47
27923 -47
27924 -47
27925 -47
27926 -47
27927 -47
27928 -47
27929 -46
27930 -47
27931 -47
27933 -47
27934 -47
27935 -47
27936 -47
27937 -47
27938 -47
27939 -47
27940 -47
27941 -47
27942 -47
27943 -47
27944 -47
27945 -47
27946 -47
27947 -47
27948 -47
27950 -47
27951 -47
27952 -47
27953 -47
27954 -48
27955 -47
27956 -47
27957 -47
27958 -47
27959 -47
27960 -47
27963 -47
27964 -47
27965 -47
27966 -47
27967 -47
27968 -47
27969 -47
27970 -47
27971 -47
27972 -47
27973 -47
27976 -47
27977 -47
27978 -47
27979 -47
27980 -46
27981 -47
27982 -46
27983 -46
27984 -47
27985 -47
27986 -46
27987 -44
27988 -47
27989 -46
27990 -46
27992 -47
27993 -46
27994 -46
27995 -47
27996 -47
27997 -47
27999 -46
28000 -46
28001 -47
28003 -47
28004 -44
28005 -46
28006 -47
28008 -46
28009 -46
28010 -46
28011 -46
28013 -46
28014 -44
28015 -46
28016 -46
28018 -46
28022 -43
28023 -43
28024 -43
28025 -43
28026 -43
28027 -43
28028 -43
28029 -43
28030 -43
28031 -43
28032 -42
28033 -42
28034 -42
28036 -42
28038 -42
28039 -42
28040 -42
28041 -42
28043 -42
28044 -42
28045 -42
28046 -42
28047 -42
28049 -42
28050 -42
28051 -42
28052 -42
28053 -43
28054 -42
28055 -42
28056 -43
28057 -42
28058 -43
28059 -43
28060 -43
28061 -43
28062 -43
28063 -43
28065 -43
28066 -43
28067 -43
28068 -43
28069 -46
28070 -43
28072 -43
28073 -46
28074 -44
28075 -44
28076 -46
28077 -44
28078 -46
28079 -47
28080 -47
28081 -47
28082 -47
28083 -47
28084 -47
28085 -47
28088 -47
28089 -47
28090 -47
28091 -47
28092 -47
28093 -47
28094 -47
28095 -47
28096 -47
28097 -47
28098 -48
28099 -48
28100 -48
28101 -47
28102 -47
28103 -48
28104 -48
28105 -47
28106 -47
28107 -47
28108 -47
28109 -48
28110 -48
28111 -48
28113 -48
28114 -48
28115 -48
28116 -48
28117 -48
28118 -48
28119 -48
28120 -48
28121 -49
28122 -48
28125 -49
28126 -49
28127 -49
28128 -49
28129 -49
28130 -49
28131 -49
28132 -49
28133 -50
28134 -50
28135 -49
28136 -49
28137 -49
28138 -49
28139 -49
28140 -49
28141 -49
28142 -49
28143 -49
28144 -49
28145 -49
28148 -49
28149 -49
28150 -49
28151 -49
28152 -49
28153 -49
28154 -49
28155 -49
28156 -49
28158 -49
28159 -49
28160 -49
28162 -49
28163 -49
28164 -49
28165 -49
28166 -49
28167 -49
28168 -49
28169 -49
28170 -49
28171 -49
28172 -49
28173 -49
28174 -49
28175 -49
28176 -49
28178 -49
28179 -49
28180 -49
28181 -49
28182 -49
28183 -49
28184 -49
28186 -49
28187 -49
28188 -49
28189 -49
28190 -49
28191 -49
28192 -49
28193 -49
28195 -49
28196 -49
28197 -49
28198 -49
28199 -49
28200 -49
28201 -49
28202 -49
28203 -49
28204 -49
28205 -49
28206 -49
28207 -49
28208 -49
28209 -49
28210 -49
28211 -49
28212 -49
28213 -49
28215 -49
28216 -49
28217 -49
28218 -49
28219 -49
28220 -49
28221 -49
28222 -49
28223 -49
28224 -49
28225 -49
28226 -49
28227 -49
28228 -49
28229 -49
28230 -49
28231 -49
28234 -49
28235 -49
28236 -49
28238 -48
28239 -49
28240 -49
28241 -49
28242 -50
28243 -49
28245 -49
28246 -49
28247 -49
28248 -49
28249 -49
28250 -49
28251 -49
28252 -49
28253 -49
28254 -49
28255 -48
28256 -49
28257 -48
28258 -49
28259 -48
28260 -48
28261 -48
28262 -49
28264 -48
28265 -48
28266 -48
28267 -48
28268 -48
28269 -48
28270 -48
28271 -48
28272 -48
28274 -48
28275 -48
28276 -48
28277 -48
28278 -48
28279 -48
28280 -48
28281 -47
28282 -47
28283 -47
28285 -47
28286 -47
28288 -47
28290 -47
28291 -47
28292 -46
28293 -46
28294 -47
28295 -47
28296 -44
28297 -47
28299 -47
28300 -47
28301 -47
28302 -47
28303 -47
28304 -48
28305 -47
28306 -48
28307 -47
28308 -48
28309 -48
28310 -48
28311 -48
28312 -49
28313 -49
28314 -49
28315 -49
28317 -49
28318 -49
28319 -50
28320 -50
28321 -50
28322 -49
28323 -49
28324 -49
28325 -49
28326 -49
28327 -49
28328 -49
28329 -49
28331 -49
28332 -49
28333 -49
28334 -49
28336 -49
28337 -48
28339 -48
28340 -48
28341 -48
28342 -48
28343 -48
28344 -48
28345 -48
28346 -47
28347 -48
28348 -48
28349 -46
28352 -48
28353 -47
28354 -48
28355 -48
28356 -48
28357 -48
28358 -48
28359 -48
28360 -49
28361 -49
28362 -49
28364 -49
28365 -49
28366 -49
28367 -49
28368 -49
28369 -49
28370 -49
28371 -49
28372 -49
28373 -49
28374 -49
28375 -48
28376 -49
28378 -48
28379 -48
28380 -48
28381 -48
28382 -48
28383 -48
28384 -48
28386 -48
28387 -48
28388 -48
28389 -48
28390 -47
28391 -48
28393 -47
28394 -47
28395 -47
28396 -47
28397 -47
28398 -47
28399 -47
28401 -47
28403 -47
28404 -44
28405 -47
28406 -47
28407 -47
28408 -47
28410 -48
28411 -48
28413 -48
28415 -48
28416 -48
28417 -48
28418 -48
28419 -49
28420 -49
28421 -49
28422 -49
28423 -49
28424 -49
28425 -49
28427 -49
28428 -49
28429 -49
28430 -49
28432 -49
28433 -49
28435 -49
28436 -49
28437 -49
28438 -49
28439 -49
28440 -49
28441 -48
28442 -49
28443 -49
28444 -49
28445 -48
28446 -49
28448 -49
28449 -49
28450 -48
28451 -48
28452 -49
28453 -49
28455 -49
28456 -49
28457 -49
28458 -48
28459 -49
28460 -49
28461 -49
28462 -49
28463 -48
28464 -49
28465 -49
28466 -49
28467 -49
28468 -49
28469 -48
28470 -49
28471 -48
28473 -49
28474 -49
28475 -48
28476 -48
28477 -48
28478 -49
28479 -48
28480 -49
28481 -49
28482 -49
28484 -49
28485 -49
28486 -49
28487 -49
28488 -49
28489 -49
28490 -49
28491 -49
28492 -49
28493 -49
28494 -49
28495 -49
28496 -49
28497 -48
28498 -49
28500 -49
28501 -48
28503 -49
28504 -49
28505 -49
28506 -49
28507 -48
28508 -49
28509 -49
28510 -48
28511 -48
28512 -48
28513 -49
28514 -48
28515 -49
28516 -48
28517 -49
28519 -48
28520 -49
28521 -48
28522 -49
28523 -48
28524 -49
28525 -48
28526 -48
28527 -48
28528 -49
28530 -49
28531 -48
28532 -48
28533 -48
28534 -48
28535 -48
28536 -48
28537 -49
28538 -48
28539 -48
28540 -49
28542 -49
28543 -48
28544 -48
28545 -49
28546 -48
28547 -48
28548 -48
28550 -49
28551 -49
28552 -49
28553 -49
28554 -49
28555 -49
28556 -49
28557 -49
28558 -49
28559 -48
28560 -49
28562 -48
28563 -49
28564 -49
28566 -49
28567 -49
28568 -49
28569 -49
28570 -49
28572 -49
28573 -49
28574 -49
28575 -49
28577 -49
28578 -49
28579 -49
28580 -49
28581 -48
28582 -49
28583 -49
28584 -49
28585 -49
28586 -49
28587 -49
28588 -49
28589 -49
28590 -48
28591 -49
28592 -49
28593 -49
28594 -49
28595 -49
28597 -49
28598 -49
28599 -49
28600 -49
28601 -48
28602 -49
28603 -49
28604 -49
28605 -49
28606 -49
28607 -49
28608 -49
28609 -49
28610 -49
28611 -49
28612 -49
28613 -49
28614 -49
28616 -49
28617 -49
28619 -48
28620 -49
28621 -49
28622 -49
28623 -49
28624 -49
28625 -49
28626 -49
28627 -49
28628 -49
28629 -49
28630 -49
28631 -49
28632 -49
28633 -49
28634 -49
28636 -49
28637 -49
28638 -48
28639 -49
28640 -49
28641 -49
28642 -49
28643 -49
28644 -49
28645 -49
28646 -49
28647 -49
28649 -49
28650 -49
28651 -49
28653 -49
28654 -49
28656 -49
28657 -49
28658 -49
28659 -49
28660 -49
28661 -49
28662 -49
28663 -49
28664 -49
28665 -49
28666 -49
28667 -49
28668 -49
28669 -49
28670 -49
28671 -49
28672 -49
28673 -49
28674 -49
28675 -49
28676 -49
28677 -49
28678 -49
28680 -49
28681 -49
28682 -49
28683 -49
28684 -49
28685 -49
28686 -49
28687 -49
28688 -49
28689 -49
28691 -49
28692 -49
28693 -49
28694 -49
28695 -49
28696 -49
28697 -49
28698 -49
28699 -49
28701 -49
28702 -49
28703 -49
28704 -49
28705 -49
28707 -49
28708 -49
28709 -49
28710 -49
28712 -49
28713 -49
28714 -48
28715 -49
28716 -48
28717 -48
28718 -49
28719 -49
28720 -49
28721 -48
28722 -49
28723 -48
28724 -49
28725 -49
28726 -49
28727 -48
28728 -49
28729 -49
28732 -49
28733 -48
28734 -49
28735 -49
28736 -49
28737 -48
28738 -49
28740 -49
28741 -49
28742 -49
28743 -49
28744 -49
28745 -48
28746 -49
28747 -48
28748 -48
28749 -49
28750 -48
28751 -49
28752 -49
28753 -49
28754 -49
28755 -49
28756 -48
28757 -48
28758 -49
28759 -49
28760 -49
28761 -48
28762 -49
28763 -48
28764 -48
28765 -49
28766 -49
28767 -48
28768 -49
28769 -48
28771 -49
28772 -49
28773 -49
28774 -49
28775 -49
28776 -49
28777 -48
28778 -49
28779 -49
28780 -49
28781 -49
28782 -49
28783 -48
28784 -49
28785 -49
28786 -49
28787 -49
28788 -49
28789 -49
28790 -49
28791 -49
28792 -49
28793 -49
28794 -49
28795 -49
28796 -49
28797 -49
28798 -49
28800 -49
28801 -49
28802 -49
28803 -49
28804 -49
28805 -48
28806 -49
28807 -49
28808 -49
28809 -49
28810 -49
28811 -49
28812 -48
28813 -49
28814 -49
28815 -49
28816 -49
28817 -49
28818 -49
28819 -49
28820 -49
28821 -49
28823 -49
28824 -49
28825 -48
28826 -49
28827 -49
28828 -49
28830 -49
28831 -48
28834 -49
28835 -49
28836 -49
28837 -48
28838 -49
28840 -48
28841 -49
28843 -49
28844 -49
28845 -49
28846 -49
28847 -49
28850 -49
28851 -49
28852 -49
28853 -49
28854 -49
28857 -49
28858 -49
28860 -49
28862 -49
28863 -49
28864 -49
28865 -49
28866 -49
28867 -49
28868 -49
28869 -49
28870 -49
28871 -49
28872 -49
28873 -49
28874 -49
28875 -49
28876 -48
28877 -48
28878 -49
28879 -49
28880 -48
28881 -49
28882 -49
28883 -49
28884 -49
28885 -49
28886 -49
28887 -49
28888 -48
28889 -49
28890 -49
28891 -49
28892 -49
28893 -49
28894 -49
28895 -48
28896 -48
28897 -49
28898 -49
28899 -49
28900 -48
28901 -49
28902 -49
28903 -49
28904 -49
28905 -49
28906 -48
28907 -48
28908 -49
28909 -48
28910 -49
28911 -49
28912 -49
28913 -49
28914 -48
28915 -48
28916 -48
28917 -49
28918 -49
28919 -49
28920 -49
28921 -49
28922 -49
28924 -49
28925 -49
28926 -49
28927 -49
28929 -49
28930 -48
28931 -49
28933 -48
28934 -49
28935 -49
28936 -48
28937 -48
28938 -48
28939 -49
28940 -48
28941 -48
28942 -49
28943 -48
28944 -48
28945 -48
28946 -48
28947 -49
28948 -48
28949 -48
28950 -48
28951 -48
28952 -48
28953 -48
28954 -48
28956 -48
28957 -48
28958 -48
28959 -48
28960 -48
28961 -48
28962 -48
28963 -47
28964 -47
28965 -48
28966 -47
28967 -48
28969 -48
28970 -48
28971 -47
28972 -47
28974 -47
28975 -47
28976 -47
28977 -47
28979 -48
28981 -47
28982 -47
28984 -47
28985 -47
28986 -47
28987 -47
28988 -47
28989 -47
28990 -47
28991 -47
28992 -47
28993 -47
28994 -47
28995 -47
28997 -47
28998 -47
28999 -47
29000 -47
29002 -47
29003 -47
29004 -47
29005 -47
29008 -47
29009 -47
29010 -47
29012 -47
29013 -47
29014 -47
29016 -47
29017 -47
29018 -47
29019 -47
29020 -47
29021 -47
29023 -47
29024 -47
29025 -47
29026 -47
29027 -47
29028 -47
29029 -47
29030 -47
29031 -47
29032 -47
29033 -47
29034 -47
29035 -47
29036 -46
29037 -47
29038 -46
29039 -47
29040 -46
29042 -44
29043 -44
29044 -46
29045 -46
29046 -44
29047 -44
29048 -46
29049 -46
29050 -46
29051 -47
29052 -46
29053 -46
29054 -46
29056 -46
29057 -47
29058 -47
29059 -47
29060 -47
29061 -47
29062 -47
29063 -47
29064 -47
29065 -47
29066 -47
29067 -47
29068 -47
29069 -47
29070 -47
29071 -47
29072 -47
29073 -47
29074 -47
29075 -47
29076 -47
29077 -47
29078 -47
29079 -47
29081 -47
29082 -47
29083 -47
29084 -45
29085 -47
29086 -47
29087 -47
29088 -47
29089 -47
29090 -47
29091 -47
29092 -47
29093 -47
29095 -47
29096 -47
29097 -47
29098 -47
29099 -47
29100 -47
29101 -47
29102 -47
29103 -47
29104 -47
29105 -47
29108 -47
29109 -47
29111 -47
29112 -47
29113 -47
29114 -47
29115 -47
29116 -47
29117 -48
29118 -47
29119 -47
29120 -47
29121 -47
29122 -45
29123 -47
29124 -47
29125 -47
29126 -47
29127 -48
29128 -47
29129 -47
29130 -47
29131 -47
29133 -47
29134 -47
29135 -47
29136 -47
29137 -48
29139 -47
29140 -47
29141 -48
29142 -48
29143 -47
29144 -47
29145 -47
29146 -47
29147 -47
29148 -47
29149 -47
29150 -47
29152 -47
29153 -47
29155 -47
29157 -47
29158 -47
29159 -47
29160 -47
29161 -47
29163 -47
29164 -47
29165 -47
29166 -47
29168 -47
29169 -47
29170 -47
29171 -47
29172 -47
29173 -47
29174 -47
29175 -47
29176 -47
29177 -47
29178 -47
29179 -47
29180 -47
29181 -47
29182 -47
29183 -47
29184 -47
29185 -47
29186 -47
29187 -47
29189 -48
29190 -47
29192 -48
29193 -47
29194 -47
29195 -47
29196 -47
29197 -47
29198 -47
29199 -48
29200 -47
29201 -47
29202 -47
29203 -47
29204 -47
29205 -47
29206 -47
29207 -47
29208 -47
29209 -47
29210 -47
29211 -47
29212 -47
29215 -47
29216 -47
29217 -47
29218 -47
29219 -47
29220 -47
29221 -47
29223 -47
29224 -47
29225 -47
29226 -47
29227 -47
29228 -47
29229 -47
29230 -44
29232 -46
29233 -46
29234 -47
29235 -44
29236 -46
29237 -46
29238 -47
29239 -44
29241 -46
29242 -46
29243 -43
29244 -46
29245 -46
29246 -46
29247 -46
29248 -43
29249 -43
29250 -44
29251 -46
29252 -46
29253 -46
29255 -46
29256 -46
29257 -46
29258 -43
29259 -46
29260 -43
29261 -46
29262 -44
29263 -46
29264 -44
29265 -46
29267 -46
29268 -44
29269 -46
29270 -46
29272 -44
29273 -46
29274 -46
29275 -46
29277 -44
29278 -44
29279 -46
29281 -46
29282 -46
29283 -44
29284 -46
29285 -44
29286 -44
29287 -46
29288 -46
29289 -46
29292 -46
29293 -43
29294 -46
29295 -43
29296 -43
29297 -46
29298 -46
29299 -46
29300 -43
29301 -45
29302 -45
29303 -43
29304 -45
29305 -43
29306 -43
29307 -43
29308 -43
29309 -43
29310 -43
29311 -43
29312 -43
29313 -43
29314 -43
29315 -42
29316 -43
29317 -43
29318 -42
29319 -42
29320 -42
29321 -43
29322 -43
29323 -42
29324 -42
29325 -43
29326 -42
29327 -43
29328 -43
29329 -43
29330 -43
29332 -43
29333 -43
29334 -43
29335 -43
29337 -43
29338 -43
29340 -42
29341 -43
29342 -43
29343 -42
29344 -42
29345 -43
29346 -43
29348 -43
29349 -43
29350 -43
29351 -43
29352 -43
29353 -43
29354 -43
29355 -43
29356 -43
29357 -43
29358 -43
29359 -46
29360 -43
29362 -43
29364 -43
29365 -43
29366 -46
29367 -43
29368 -46
29370 -46
29371 -43
29373 -43
29374 -46
29375 -44
29376 -44
29377 -44
29380 -44
29381 -46
29383 -46
29384 -46
29386 -43
29387 -43
29390 -44
29391 -46
29393 -46
29394 -46
29396 -44
29397 -44
29398 -43
29399 -44
29400 -46
29402 -46
29403 -43
29404 -43
29406 -46
29407 -46
29408 -46
29409 -46
29410 -46
29411 -46
29412 -44
29413 -46
29414 -44
29415 -46
29416 -46
29417 -46
29418 -47
29419 -44
29420 -47
29421 -47
29422 -47
29423 -47
29424 -47
29425 -47
29426 -47
29427 -47
29428 -47
29429 -47
29430 -47
29432 -47
29433 -47
29434 -47
29435 -47
29437 -47
29438 -45
29439 -47
29440 -47
29441 -47
29442 -47
29443 -47
29444 -44
29445 -45
29446 -47
29448 -47
29449 -47
29450 -47
29452 -46
29453 -46
29454 -44
29455 -46
29456 -44
29457 -44
29458 -46
29459 -46
29460 -44
29461 -46
29463 -46
29464 -44
29465 -46
29466 -46
29467 -46
29468 -46
29469 -46
29471 -46
29472 -46
29473 -46
29474 -46
29475 -46
29476 -44
29477 -47
29478 -46
29479 -46
29480 -46
29481 -46
29482 -46
29483 -44
29484 -46
29485 -44
29486 -46
29487 -47
29488 -47
29489 -46
29490 -47
29491 -47
29492 -47
29493 -47
29494 -47
29495 -47
29497 -47
29498 -47
29499 -47
29500 -47
29501 -47
29502 -47
29503 -47
29504 -47
29505 -47
29506 -47
29508 -47
29509 -47
29510 -47
29511 -47
29512 -47
29514 -47
29515 -47
29516 -47
29517 -47
29519 -47
29520 -47
29521 -47
29522 -48
29523 -48
29524 -47
29525 -47
29526 -47
29527 -48
29528 -47
29529 -47
29530 -48
29531 -48
29532 -48
29533 -47
29534 -48
29535 -48
29536 -48
29537 -48
29538 -48
29539 -48
29540 -48
29541 -48
29542 -48
29543 -48
29545 -47
29546 -47
29547 -48
29548 -48
29549 -48
29550 -48
29551 -48
29552 -48
29553 -48
29554 -48
29556 -48
29557 -48
29558 -48
29559 -48
29560 -48
29561 -48
29562 -48
29563 -48
29564 -47
29566 -46
29567 -48
29568 -47
29570 -48
29571 -48
29572 -48
29573 -48
29574 -48
29575 -47
29576 -48
29577 -48
29578 -48
29579 -48
29580 -47
29581 -47
29583 -47
29584 -47
29585 -47
29586 -47
29587 -47
29588 -47
29589 -48
29590 -47
29591 -47
29592 -47
29593 -47
29594 -47
29595 -47
29596 -47
29597 -47
29598 -47
29600 -47
29601 -47
29602 -47
29603 -47
29604 -47
29605 -47
29606 -47
29607 -47
29608 -47
29610 -47
29611 -47
29613 -47
29614 -47
29615 -47
29616 -47
29617 -47
29618 -47
29619 -48
29620 -47
29621 -48
29622 -48
29623 -48
29624 -48
29626 -48
29628 -48
29629 -48
29630 -48
29631 -48
29632 -48
29633 -48
29634 -48
29636 -48
29638 -48
29639 -47
29640 -47
29641 -47
29642 -46
29643 -47
29644 -47
29645 -47
29646 -47
29647 -47
29648 -47
29649 -47
29650 -47
29651 -47
29652 -47
29653 -46
29654 -47
29655 -47
29656 -47
29657 -47
29658 -46
29659 -47
29660 -46
29661 -47
29663 -46
29664 -44
29665 -47
29666 -47
29667 -47
29668 -47
29669 -47
29670 -47
29671 -47
29672 -47
29673 -47
29674 -47
29675 -47
29676 -47
29677 -47
29678 -47
29679 -47
29680 -47
29681 -47
29682 -47
29683 -47
29684 -47
29686 -47
29687 -47
29688 -47
29689 -47
29690 -47
29691 -47
29692 -47
29695 -47
29696 -47
29697 -46
29698 -47
29700 -47
29701 -46
29702 -47
29703 -47
29705 -47
29706 -46
29707 -47
29708 -47
29710 -47
29711 -47
29712 -47
29713 -47
29714 -47
29715 -47
29716 -47
29717 -47
29719 -47
29720 -47
29721 -47
29722 -47
29725 -47
29726 -47
29727 -47
29728 -47
29729 -47
29730 -47
29731 -44
29732 -47
29733 -44
29735 -47
29736 -47
29737 -47
29738 -47
29739 -47
29740 -44
29741 -44
29742 -44
29743 -47
29744 -47
29746 -47
29747 -47
29748 -44
29749 -44
29750 -47
29751 -47
29752 -47
29753 -47
29754 -47
29755 -47
29757 -46
29758 -47
29759 -47
29760 -46
29761 -46
29764 -46
29765 -47
29766 -47
29767 -47
