23950 -0.187200
23951 -1.689600
23952 -6.940800
23953 -17.443199
23954 -30.566399
23955 -41.068798
23957 -46.320000
23958 -47.822399
23959 -47.822395
23960 -48.009598
23961 -48.009598
23962 -48.009598
23964 -48.009598
23965 -48.009598
23966 -48.009598
23967 -48.009598
23968 -48.009598
23969 -48.009598
23970 -48.009598
23972 -48.009598
23973 -48.009598
23974 -48.013500
23975 -48.044800
23976 -48.154198
23977 -48.372997
23978 -48.646400
23979 -48.865200
23981 -48.974602
23982 -49.005901
23983 -49.009800
23984 -49.009800
23985 -49.009800
23986 -49.009800
23987 -49.009800
23988 -49.009800
23989 -49.009800
23990 -49.009800
23991 -49.009800
23992 -49.009800
23993 -49.005898
23994 -48.978500
23995 -48.900398
23996 -48.791000
23997 -48.736401
23998 -48.791000
24000 -48.900402
24001 -48.978500
24002 -49.005901
24003 -49.009800
24005 -49.009800
24006 -49.009800
24007 -49.009800
24008 -49.009800
24009 -49.009800
24010 -49.009800
24011 -49.009800
24012 -49.009800
24013 -49.009800
24014 -49.009800
24015 -49.009800
24017 -49.009800
24018 -49.009800
24019 -49.009800
24021 -49.009800
24022 -49.009800
24024 -49.009800
24025 -49.009800
24027 -49.009800
24029 -49.009800
24030 -49.009800
24031 -49.009800
24033 -49.009800
24034 -49.009800
24035 -49.013699
24036 -49.041100
24037 -49.119202
24038 -49.228600
24039 -49.283199
24040 -49.228600
24041 -49.119202
24042 -49.041100
24043 -49.013702
24044 -49.009800
24045 -49.009800
24046 -49.009800
24047 -49.009800
24048 -49.009800
24050 -49.009800
24051 -49.009800
24052 -49.009800
24053 -49.009800
24054 -49.009800
24056 -49.009800
24058 -49.005898
24059 -48.978500
24060 -48.904297
24061 -48.826199
24062 -48.881001
24063 -49.154400
24064 -49.533302
24065 -49.802799
24066 -49.861496
24067 -49.783401
24068 -49.705299
24069 -49.681797
24070 -49.681801
24071 -49.705299
24072 -49.787300
24073 -49.900600
24074 -49.978699
24075 -50.006100
24076 -50.009998
24077 -50.009998
24078 -50.009998
24079 -50.009998
24080 -50.009998
24081 -50.009998
24082 -50.009998
24083 -50.009998
24084 -50.009998
24085 -50.009998
24086 -50.009998
24087 -50.006100
24088 -49.978699
24089 -49.900597
24090 -49.791199
24091 -49.736599
24092 -49.787300
24093 -49.861500
24094 -49.806698
24095 -49.568501
24096 -49.299000
24097 -49.244396
24098 -49.462997
24099 -49.759899
24100 -49.943501
24101 -50.002197
24102 -50.009998
24103 -50.009998
24104 -50.009998
24105 -50.009998
24106 -50.009998
24107 -50.006100
24108 -49.978699
24109 -49.900597
24110 -49.791199
24111 -49.736599
24112 -49.787300
24113 -49.869301
24114 -49.869297
24115 -49.787300
24116 -49.736599
24118 -49.791199
24119 -49.900600
24120 -49.978699
24121 -50.006100
24122 -50.009998
24123 -50.009998
24124 -50.009998
24125 -50.009998
24126 -50.009998
24127 -50.009998
24128 -50.009998
24129 -50.009998
24130 -50.009998
24131 -50.009998
24132 -50.009998
24133 -50.009998
24134 -50.009998
24135 -50.009998
24136 -50.009998
24137 -50.009998
24138 -50.009998
24139 -50.009998
24140 -50.009998
24141 -50.009998
24142 -50.009998
24143 -50.009998
24144 -50.009998
24145 -50.009998
24146 -50.009998
24148 -50.009998
24149 -50.009998
24150 -50.009998
24151 -50.009998
24152 -50.009998
24153 -50.009998
24154 -50.009998
24155 -50.009998
24156 -50.009998
24157 -50.009998
24158 -50.009998
24159 -50.009998
24160 -50.009998
24161 -50.009998
24163 -50.009998
24164 -50.009998
24165 -50.009998
24166 -50.009998
24167 -50.009998
24168 -50.009998
24169 -50.009998
24170 -50.009998
24171 -50.009998
24174 -50.009998
24175 -50.009998
24176 -50.009998
24179 -50.009998
24180 -50.009998
24181 -50.009998
24182 -50.009998
24183 -50.009998
24184 -50.009998
24185 -50.009998
24186 -50.009998
24187 -50.009998
24188 -50.009998
24189 -50.009998
24190 -50.009998
24192 -50.009998
24193 -50.009998
24194 -50.009998
24195 -50.009998
24196 -50.009998
24197 -50.009998
24198 -50.009998
24199 -50.009998
24200 -50.009998
24201 -50.009998
24202 -50.009998
24203 -50.009998
24204 -50.009998
24205 -50.009998
24206 -50.009998
24207 -50.009998
24208 -50.009998
24209 -50.009998
24210 -50.009998
24211 -50.009998
24213 -50.009998
24214 -50.009998
24216 -50.009998
24217 -50.009998
24218 -50.009998
24219 -50.009998
24220 -50.009998
24221 -50.009998
24222 -50.009998
24223 -50.009998
24224 -50.009998
24225 -50.009998
24227 -50.009998
24228 -50.009998
24229 -50.009998
24230 -50.009998
24231 -50.009998
24232 -50.009998
24233 -50.009998
24234 -50.009998
24235 -50.009998
24236 -50.009998
24237 -50.009998
24238 -50.009998
24239 -50.009998
24240 -50.009998
24241 -50.009998
24242 -50.009998
24243 -50.009998
24244 -50.009998
24245 -50.009998
24246 -50.009998
24248 -50.009998
24249 -50.009998
24250 -50.009998
24251 -50.009998
24252 -50.009998
24254 -50.009998
24256 -50.009998
24257 -50.002197
24258 -49.943501
24259 -49.755997
24260 -49.427799
24261 -49.099796
24262 -48.935600
24263 -48.935600
24264 -48.982399
24265 -49.005901
24266 -49.009800
24267 -49.009800
24268 -49.009800
24269 -49.009800
24270 -49.009800
24271 -49.009800
24272 -49.009800
24273 -49.009800
24275 -49.009800
24277 -49.009800
24278 -49.009800
24279 -49.009800
24280 -49.009800
24281 -49.009800
24282 -49.009800
24283 -49.009800
24284 -49.009800
24285 -49.009800
24286 -49.009800
24288 -49.009800
24289 -49.009800
24290 -49.009800
24291 -49.009800
24292 -49.009800
24293 -49.009800
24294 -49.009800
24295 -49.009800
24296 -49.009800
24297 -49.009800
24299 -49.009800
24300 -49.009800
24302 -49.009800
24303 -49.009800
24304 -49.009800
24305 -49.009800
24306 -49.009800
24307 -49.009800
24308 -49.009800
24309 -49.009800
24310 -49.009800
24311 -49.009800
24312 -49.009800
24313 -49.009800
24314 -49.009800
24315 -49.009800
24316 -49.009800
24317 -49.009800
24318 -49.009800
24319 -49.009800
24320 -49.009800
24321 -49.009800
24322 -49.009800
24323 -49.009800
24324 -49.009800
24326 -49.009800
24327 -49.009800
24329 -49.009800
24330 -49.009800
24331 -49.009800
24332 -49.009800
24333 -49.009800
24334 -49.009800
24335 -49.009800
24336 -49.009800
24337 -49.009800
24338 -49.009800
24339 -49.009800
24340 -49.009800
24341 -49.009800
24342 -49.009800
24343 -49.009800
24344 -49.009800
24345 -49.009800
24346 -49.009800
24347 -49.009800
24348 -49.009800
24350 -49.009800
24351 -49.009800
24353 -49.009800
24354 -49.009800
24355 -49.013699
24356 -49.041100
24357 -49.119202
24358 -49.228600
24359 -49.283199
24360 -49.228600
24361 -49.119202
24362 -49.041100
24363 -49.013702
24364 -49.009800
24365 -49.009800
24366 -49.009800
24367 -49.009800
24368 -49.009800
24369 -49.009800
24370 -49.009800
24371 -49.009800
24372 -49.009800
24373 -49.009800
24374 -49.009800
24375 -49.009800
24376 -49.009800
24377 -49.009800
24378 -49.009800
24379 -49.009800
24381 -49.009800
24382 -49.009800
24383 -49.009800
24384 -49.009800
24386 -49.009800
24387 -49.009800
24388 -49.009800
24389 -49.009800
24390 -49.009800
24391 -49.009800
24392 -49.009800
24393 -49.009800
24394 -49.009800
24395 -49.009800
24396 -49.009800
24397 -49.009800
24398 -49.009800
24399 -49.009800
24400 -49.009800
24402 -49.009800
24403 -49.009800
24404 -49.009800
24405 -49.009800
24406 -49.009800
24407 -49.009800
24408 -49.009800
24409 -49.009800
24410 -49.009800
24411 -49.009800
24412 -49.009800
24413 -49.009800
24414 -49.009800
24416 -49.009800
24418 -49.009800
24419 -49.009800
24420 -49.009800
24421 -49.009800
24422 -49.009800
24423 -49.009800
24424 -49.009800
24425 -49.009800
24426 -49.009800
24427 -49.009800
24428 -49.009800
24429 -49.009800
24430 -49.009800
24431 -49.009800
24432 -49.009800
24433 -49.009800
24434 -49.009800
24435 -49.009800
24436 -49.009800
24438 -49.009800
24439 -49.009800
24441 -49.009800
24442 -49.009800
24443 -49.009800
24444 -49.009800
24445 -49.009800
24446 -49.009800
24447 -49.009800
24448 -49.009800
24449 -49.009800
24450 -49.009800
24451 -49.009800
24452 -49.009800
24453 -49.009800
24454 -49.009800
24455 -49.009800
24456 -49.009800
24457 -49.009800
24458 -49.009800
24459 -49.009800
24460 -49.009800
24461 -49.013699
24462 -49.041100
24463 -49.119202
24464 -49.228600
24465 -49.283199
24466 -49.228600
24468 -49.119202
24470 -49.041100
24472 -49.013702
24473 -49.009800
24474 -49.009800
24475 -49.009800
24476 -49.009800
24477 -49.009800
24478 -49.009800
24480 -49.009800
24481 -49.009800
24482 -49.009800
24483 -49.009800
24484 -49.009800
24485 -49.009800
24486 -49.009800
24487 -49.009800
24488 -49.009800
24489 -49.009800
24490 -49.009800
24491 -49.009800
24492 -49.009800
24493 -49.009800
24494 -49.009800
24495 -49.009800
24496 -49.009800
24497 -49.009800
24498 -49.009800
24499 -49.009800
24500 -49.009800
24501 -49.009800
24503 -49.009800
24504 -49.009800
24505 -49.009800
24506 -49.009800
24507 -49.009800
24508 -49.009800
24509 -49.009800
24510 -49.009800
24511 -49.009800
24512 -49.009800
24514 -49.009800
24515 -49.009800
24516 -49.009800
24517 -49.009800
24518 -49.009800
24519 -49.009800
24521 -49.009800
24522 -49.009800
24523 -49.009800
24524 -49.009800
24525 -49.009800
24528 -49.009800
24529 -49.009800
24530 -49.009800
24531 -49.009800
24532 -49.009800
24533 -49.009800
24534 -49.009800
24535 -49.009800
24536 -49.009800
24537 -49.009800
24538 -49.013699
24539 -49.041100
24540 -49.119202
24541 -49.228600
24542 -49.283199
24543 -49.228600
24544 -49.119202
24545 -49.041100
24546 -49.013702
24547 -49.009800
24549 -49.009800
24550 -49.009800
24552 -49.009800
24553 -49.009800
24554 -49.013699
24555 -49.041100
24556 -49.119202
24558 -49.228600
24559 -49.283199
24560 -49.232498
24561 -49.150501
24562 -49.154400
24563 -49.267700
24564 -49.427799
24565 -49.591999
24567 -49.756001
24568 -49.896698
24569 -49.978699
24570 -50.006100
24571 -50.009998
24572 -50.009998
24573 -50.009998
24574 -50.009998
24575 -50.009998
24578 -50.009998
24579 -50.009998
24580 -50.009998
24581 -50.009998
24582 -50.009998
24584 -50.009998
24585 -50.009998
24586 -50.009998
24587 -50.009998
24588 -50.009998
24589 -50.009998
24590 -50.009998
24591 -50.006100
24592 -49.978699
24593 -49.900597
24595 -49.791199
24596 -49.736599
24597 -49.791199
24598 -49.900600
24599 -49.978699
24600 -50.006100
24601 -50.009998
24602 -50.009998
24603 -50.013897
24604 -50.041298
24605 -50.119396
24606 -50.228798
24607 -50.283398
24609 -50.228798
24610 -50.119400
24611 -50.041298
24613 -50.013901
24614 -50.009998
24615 -50.009998
24616 -50.009998
24617 -50.009998
24618 -50.009998
24619 -50.009998
24620 -50.009998
24621 -50.006100
24622 -49.978699
24624 -49.900597
24625 -49.791199
24626 -49.736599
24627 -49.791199
24629 -49.900600
24630 -49.978699
24631 -50.006100
24632 -50.009998
24633 -50.009998
24634 -50.009998
24635 -50.009998
24636 -50.009998
24637 -50.009998
24638 -50.009998
24639 -50.009998
24640 -50.009998
24641 -50.002197
24643 -49.947399
24644 -49.791195
24645 -49.572399
24646 -49.463196
24647 -49.572399
24648 -49.791199
24649 -49.947399
24651 -50.002197
24652 -50.009998
24653 -50.009998
24654 -50.009998
24655 -50.009998
24656 -50.009998
24657 -50.009998
24658 -50.009998
24660 -50.009998
24661 -50.009998
24662 -50.009998
24663 -50.009998
24664 -50.009998
24665 -50.009998
24666 -50.009998
24667 -50.009998
24668 -50.009998
24669 -50.009998
24670 -50.009998
24671 -50.009998
24672 -50.009998
24673 -50.009998
24674 -50.009998
24675 -50.009998
24676 -50.009998
24677 -50.009998
24678 -50.009998
24679 -50.009998
24680 -50.009998
24681 -50.009998
24682 -50.009998
24683 -50.009998
24684 -50.009998
24685 -50.009998
24686 -50.009998
24687 -50.009998
24688 -50.009998
24689 -50.009998
24690 -50.009998
24691 -50.009998
24692 -50.009998
24693 -50.009998
24694 -50.006100
24695 -49.974800
24696 -49.865398
24697 -49.650497
24698 -49.408398
24699 -49.299000
24700 -49.404503
24701 -49.615303
24702 -49.720798
24703 -49.615299
24704 -49.400600
24705 -49.263802
24706 -49.263802
24707 -49.287102
24708 -49.232498
24709 -49.150501
24710 -49.154400
24711 -49.267700
24713 -49.423901
24714 -49.556801
24716 -49.611401
24717 -49.533298
24718 -49.345798
24719 -49.181801
24720 -49.154404
24721 -49.232502
24722 -49.283199
24723 -49.228600
24724 -49.119202
24725 -49.041100
24726 -49.013702
24727 -49.009800
24728 -49.009800
24729 -49.009800
24731 -49.009800
24732 -49.009800
24733 -49.009800
24734 -49.009800
24735 -49.009800
24736 -49.009800
24737 -49.009800
24738 -49.009800
24739 -49.009800
24740 -49.009800
24741 -49.009800
24742 -49.009800
24743 -49.009800
24744 -49.009800
24745 -49.009800
24746 -49.009800
24747 -49.009800
24748 -49.009800
24749 -49.009800
24750 -49.009800
24751 -49.009800
24752 -49.009800
24753 -49.009800
24754 -49.009800
24755 -49.009800
24756 -49.009800
24757 -49.009800
24758 -49.009800
24759 -49.009800
24761 -49.009800
24763 -49.009800
24764 -49.009800
24765 -49.009800
24766 -49.009800
24767 -49.009800
24768 -49.009800
24769 -49.009800
24770 -49.009800
24771 -49.013699
24772 -49.041100
24773 -49.119202
24774 -49.228600
24775 -49.283199
24776 -49.228600
24777 -49.119202
24778 -49.041100
24779 -49.013702
24781 -49.009800
24782 -49.009800
24783 -49.009800
24785 -49.009800
24786 -49.009800
24787 -49.009800
24788 -49.009800
24789 -49.009800
24790 -49.009800
24791 -49.005898
24793 -48.978500
24794 -48.900398
24796 -48.791000
24797 -48.732498
24798 -48.759701
24799 -48.787098
24800 -48.728401
24801 -48.623100
24802 -48.572201
24803 -48.623096
24804 -48.728401
24805 -48.787102
24806 -48.755798
24807 -48.697296
24808 -48.650303
24809 -48.572197
24810 -48.486298
24811 -48.513699
24812 -48.681599
24813 -48.869099
24814 -48.974602
24815 -49.005901
24816 -49.009800
24817 -49.009800
24818 -49.005898
24819 -48.978500
24820 -48.900398
24821 -48.791000
24822 -48.736401
24823 -48.787098
24824 -48.869102
24825 -48.865200
24826 -48.755798
24827 -48.626999
24828 -48.572201
24829 -48.623096
24830 -48.724499
24831 -48.751900
24832 -48.618999
24833 -48.404297
24834 -48.298798
24835 -48.408199
24836 -48.650299
24837 -48.865200
24838 -48.974602
24839 -49.005901
24840 -49.009800
24841 -49.009800
24842 -49.009800
24843 -49.009800
24844 -49.009800
24845 -49.009800
24846 -49.009800
24847 -49.009800
24848 -49.009800
24849 -49.009800
24850 -49.009800
24851 -49.009800
24852 -49.001999
24853 -48.947201
24856 -48.791000
24857 -48.572201
24858 -48.463001
24859 -48.572201
24860 -48.791000
24861 -48.947201
24862 -49.001999
24863 -49.009800
24864 -49.005898
24865 -48.970699
24866 -48.829998
24868 -48.501801
24869 -48.013500
24871 -47.552597
24872 -47.333794
24873 -47.415798
24875 -47.685303
24876 -48.013496
24878 -48.372997
24879 -48.787098
24880 -49.228600
24881 -49.611401
24882 -49.865398
24883 -50.006100
24884 -50.119396
24885 -50.260098
24886 -50.396694
24888 -50.482796
24889 -50.537395
24890 -50.623497
24891 -50.763996
24892 -50.932102
24893 -51.127403
24894 -51.404903
24895 -51.791599
24896 -52.233101
24897 -52.643295
24898 -52.967598
24899 -53.159000
24900 -53.131596
24904 -52.830799
24905 -52.330795
24906 -51.752502
24907 -51.123501
24908 -50.431900
24909 -49.775700
24910 -49.338100
24911 -49.224800
24912 -49.381001
24913 -49.646599
24915 -49.865398
24916 -49.974800
24917 -50.006100
24919 -50.009998
24920 -50.006100
24921 -49.978699
24922 -49.900597
24923 -49.791199
24924 -49.736599
24925 -49.791199
24926 -49.896702
24927 -49.943501
24928 -49.861500
24929 -49.646599
24932 -49.373199
24934 -49.150497
24935 -49.009800
24936 -48.869102
24937 -48.650303
24938 -48.408203
24939 -48.298798
24940 -48.408199
24941 -48.650299
24942 -48.865200
24943 -48.978500
24944 -49.037201
24945 -49.119202
24946 -49.228600
24947 -49.283199
24948 -49.228600
24949 -49.119202
24950 -49.041100
24952 -49.013702
24953 -49.009800
24954 -49.005898
24955 -48.974598
24956 -48.857399
24957 -48.583801
24958 -48.150299
24959 -47.681400
24960 -47.353397
24961 -47.212498
24962 -47.150101
24963 -47.056202
24964 -46.884399
24965 -46.579498
24966 -46.091202
24967 -45.485703
24968 -44.954399
24969 -44.594902
24970 -44.274303
24971 -43.923004
24972 -43.805798
24973 -44.200497
24974 -44.965897
24975 -45.723900
24976 -46.302197
24978 -46.782795
24979 -47.263397
24980 -47.755600
24981 -48.224499
24982 -48.611198
24983 -48.865200
24984 -49.013699
24985 -49.185699
24987 -49.517796
24988 -50.002197
24989 -50.427898
24990 -50.506001
24991 -50.099701
24992 -49.365395
24993 -48.627003
24994 -48.079998
24995 -47.689198
24997 -47.380596
24998 -47.185299
24999 -47.153996
25000 -47.232098
25002 -47.286697
25004 -47.263397
25005 -47.263397
25006 -47.408001
25007 -47.681400
25008 -47.974396
25009 -48.193199
25010 -48.271301
25011 -48.161896
25012 -47.864998
25013 -47.462597
25014 -47.138496
25015 -47.079796
25017 -47.298599
25018 -47.618797
25019 -47.861099
25020 -47.974396
25021 -48.005699
25022 -48.013500
25023 -48.044800
25024 -48.154198
25025 -48.372997
25026 -48.646400
25027 -48.869099
25028 -49.005901
25029 -49.115303
25030 -49.228600
25031 -49.283199
25032 -49.228600
25033 -49.115299
25034 -49.005898
25035 -48.869102
25036 -48.646400
25037 -48.373001
25039 -48.154198
25040 -48.044800
25041 -48.013496
25042 -48.013500
25043 -48.044800
25044 -48.154198
25045 -48.369095
25046 -48.611198
25047 -48.720596
25048 -48.611198
25050 -48.369095
25051 -48.150299
25052 -48.009602
25053 -47.868900
25054 -47.646198
25055 -47.372799
25056 -47.157898
25057 -47.079796
25058 -47.157898
25059 -47.372795
25060 -47.646194
25061 -47.864998
25062 -47.974396
25063 -48.005699
25064 -48.009598
25066 -48.009598
25067 -48.009598
25068 -48.009598
25069 -48.009598
25070 -48.009598
25071 -48.009598
25072 -48.013500
25073 -48.044800
25074 -48.154198
25075 -48.372997
25076 -48.646400
25077 -48.865200
25078 -48.974602
25079 -49.005901
25080 -49.005898
25081 -48.974598
25082 -48.865196
25083 -48.646400
25085 -48.373001
25086 -48.154198
25087 -48.044800
25088 -48.013496
25089 -48.009598
25090 -48.009598
25091 -48.009598
25092 -48.009598
25093 -48.009598
25094 -48.009598
25095 -48.009598
25096 -48.009598
25097 -48.009598
25098 -48.009598
25099 -48.009598
25100 -48.009598
25101 -48.009598
25102 -48.009598
25103 -48.009598
25104 -48.001801
25105 -47.946999
25106 -47.790794
25107 -47.571999
25108 -47.462799
25109 -47.571999
25110 -47.786896
25111 -47.915699
25112 -47.888496
25113 -47.759495
25114 -47.622898
25115 -47.536800
25116 -47.482197
25117 -47.396099
25118 -47.259499
25120 -47.122700
25121 -47.040699
25122 -47.017200
25123 -47.044598
25124 -47.153999
25125 -47.376698
25127 -47.681396
25128 -48.009598
25129 -48.333897
25130 -48.607296
25131 -48.720596
25132 -48.611198
25133 -48.365196
25134 -48.122898
25135 -47.935398
25136 -47.794701
25137 -47.732300
25138 -47.751698
25139 -47.728199
25140 -47.540695
25141 -47.294693
25143 -47.243996
25144 -47.462593
25146 -47.763401
25147 -47.974400
25148 -48.111195
25149 -48.228394
25150 -48.282997
25152 -48.228394
25153 -48.118996
25154 -48.040894
25155 -48.017399
25156 -48.044800
25157 -48.154198
25158 -48.372997
25159 -48.646400
25160 -48.865200
25161 -48.974602
25162 -49.005901
25163 -49.009800
25164 -49.009800
25165 -49.009800
25166 -49.009800
25167 -49.009800
25168 -49.009800
25169 -49.009800
25170 -49.009800
25171 -49.009800
25172 -49.009800
25173 -49.009800
25174 -49.009800
25175 -49.009800
25176 -49.009800
25177 -49.009800
25178 -49.009800
25179 -49.009800
25180 -49.009800
25181 -49.009800
25182 -49.009800
25183 -49.009800
25184 -49.009800
25185 -49.009800
25186 -49.009800
25187 -49.009800
25190 -49.009800
25191 -49.009800
25192 -49.009800
25194 -49.009800
25195 -49.013699
25196 -49.044998
25197 -49.154400
25198 -49.373199
25199 -49.642700
25200 -49.830200
25201 -49.830200
25202 -49.642700
25203 -49.373199
25204 -49.154400
25206 -49.045002
25207 -49.013702
25208 -49.009800
25209 -49.009800
25210 -49.009800
25211 -49.009800
25212 -49.013699
25213 -49.044998
25214 -49.150501
25215 -49.338001
25217 -49.501999
25218 -49.501999
25219 -49.334099
25220 -49.115299
25221 -48.900398
25222 -48.650299
25223 -48.376904
25224 -48.189400
25225 -48.189400
25226 -48.376900
25228 -48.646400
25229 -48.865200
25230 -48.974602
25231 -49.001999
25232 -48.974598
25233 -48.865196
25234 -48.646400
25235 -48.373001
25236 -48.150299
25237 -48.009602
25238 -47.868900
25239 -47.646198
25240 -47.372799
25241 -47.150101
25242 -47.001598
25243 -46.794403
25244 -46.321602
25245 -45.497303
25246 -44.497204
25247 -43.680901
25248 -43.336903
25249 -43.434605
25250 -43.613907
25251 -43.555603
25252 -43.305504
25253 -43.094700
25254 -42.985096
25255 -42.864002
25256 -42.645199
25258 -42.371799
25259 -42.153004
25260 -42.043598
25261 -42.012302
25262 -42.008404
25264 -42.008404
25265 -42.004505
25266 -41.977100
25267 -41.899006
25268 -41.789600
25269 -41.734997
25270 -41.789600
25271 -41.898998
25272 -41.977100
25273 -42.004498
25274 -42.012306
25275 -42.043606
25276 -42.153008
25277 -42.371803
25278 -42.645203
25279 -42.864006
25281 -42.973404
25282 -43.004704
25283 -43.008606
25284 -43.020306
25285 -43.114204
25286 -43.442402
25287 -44.098801
25288 -44.911198
25289 -45.505001
25290 -45.622200
25291 -45.341099
25292 -45.005299
25293 -44.856598
25297 -44.711906
25298 -44.305603
25299 -43.915401
25300 -44.075500
25301 -44.700203
25302 -45.090702
25303 -44.805603
25305 -44.087105
25307 -43.442406
25308 -43.114204
25309 -43.020302
25310 -43.008606
25312 -43.008606
25313 -43.008606
25316 -43.008606
25317 -43.004704
25318 -42.977303
25319 -42.899204
25320 -42.789803
25321 -42.735207
25322 -42.789803
25323 -42.899204
25324 -42.973400
25325 -42.969501
25326 -42.867905
25327 -42.680401
25329 -42.512501
25330 -42.485100
25331 -42.571003
25332 -42.649101
25333 -42.700005
25334 -42.782001
25335 -42.867905
25336 -42.867901
25337 -42.789803
25338 -42.766506
25339 -42.910900
25340 -43.223602
25341 -43.684498
25342 -44.305901
25343 -44.965801
25344 -45.380100
25346 -45.399498
25349 -45.169300
25350 -44.915203
25351 -44.806000
25352 -44.954399
25353 -45.282402
25354 -45.508999
25355 -45.501202
25356 -45.454597
25357 -45.571602
25358 -45.794300
25359 -45.981796
25360 -46.146000
25361 -46.372601
25362 -46.646000
25363 -46.864799
25364 -46.974201
25366 -47.005501
25367 -47.009399
25368 -47.009399
25369 -47.009399
25370 -47.009399
25371 -47.009399
25372 -47.005501
25373 -46.974201
25374 -46.864799
25377 -46.634300
25379 -46.263100
25380 -45.684803
25381 -44.813499
25382 -43.774502
25383 -42.950203
25384 -42.618099
25385 -42.656902
25386 -42.727203
25387 -42.656902
25389 -42.606403
25390 -42.844601
25391 -43.336803
25392 -43.688103
25393 -43.629803
25394 -43.332901
25395 -43.114201
25396 -43.114201
25397 -43.348503
25398 -43.758904
25399 -44.157001
25400 -44.321404
25401 -44.160904
25402 -43.801903
25404 -43.567398
25405 -43.790298
25407 -44.528500
25408 -45.489502
25409 -46.227699
25410 -46.462299
25411 -46.310001
25413 -46.185299
25414 -46.353001
25415 -46.681202
25416 -46.911602
25417 -46.962502
25418 -46.864799
25419 -46.638199
25420 -46.310001
25421 -45.935001
25422 -45.598999
25423 -45.403698
25424 -45.352802
25425 -45.341103
25426 -45.294201
25427 -45.126102
25428 -44.664997
25430 -43.891598
25431 -43.071201
25432 -42.477398
25433 -42.164700
25434 -42.047501
25435 -42.043602
25436 -42.117802
25437 -42.227200
25438 -42.281803
25439 -42.227200
25440 -42.117802
25441 -42.039700
25442 -42.012302
25443 -42.008404
25444 -42.008404
25446 -42.008404
25447 -42.008404
25448 -42.008404
25449 -42.008404
25450 -42.008404
25451 -42.008404
25452 -42.012306
25454 -42.043606
25455 -42.153008
25456 -42.371803
25457 -42.645203
25458 -42.864006
25459 -42.973404
25460 -43.004704
25462 -43.008606
25463 -43.004704
25464 -42.973400
25465 -42.864002
25466 -42.645199
25467 -42.371799
25468 -42.153004
25469 -42.043598
25470 -42.012302
25472 -42.008404
25473 -42.000603
25474 -41.945801
25476 -41.789600
25477 -41.570797
25478 -41.461597
25479 -41.570797
25480 -41.789600
25481 -41.945797
25482 -42.000599
25483 -42.004505
25484 -41.977100
25485 -41.899006
25486 -41.789600
25487 -41.734997
25488 -41.789600
25489 -41.898998
25490 -41.977100
25491 -42.004498
25492 -42.008404
25494 -42.008404
25495 -42.008404
25496 -42.008404
25497 -42.008404
25498 -42.008404
25499 -42.008404
25500 -42.008404
25501 -42.008404
25502 -42.008404
25503 -42.008404
25504 -42.008404
25505 -42.008404
25506 -42.008404
25507 -42.008404
25508 -42.008404
25509 -42.008404
25511 -42.008404
25512 -42.008404
25513 -42.008404
25514 -42.008404
25515 -42.008404
25516 -42.008404
25517 -42.008404
25518 -42.008404
25520 -42.004505
25522 -41.973202
25523 -41.863804
25524 -41.645000
25525 -41.371601
25526 -41.156696
25527 -41.074703
25528 -41.121498
25529 -41.227001
25530 -41.281597
25531 -41.230900
25532 -41.148899
25533 -41.148895
25534 -41.230900
25535 -41.281597
25536 -41.230900
25537 -41.148899
25538 -41.148895
25539 -41.230900
25540 -41.285496
25541 -41.258305
25542 -41.230896
25543 -41.293499
25544 -41.430096
25545 -41.590397
25546 -41.754398
25547 -41.895100
25548 -41.973202
25549 -41.973194
25550 -41.899006
25551 -41.789600
25552 -41.734997
25553 -41.789600
25554 -41.898998
25556 -41.977100
25557 -42.004498
25558 -42.008404
25561 -42.008404
25562 -42.008404
25563 -42.008404
25564 -42.008404
25566 -42.008404
25567 -42.008404
25569 -42.008404
25570 -42.008404
25571 -42.008404
25573 -42.012306
25574 -42.039703
25575 -42.117802
25576 -42.227200
25577 -42.281803
25578 -42.227200
25580 -42.117802
25581 -42.039700
25582 -42.012302
25583 -42.012306
25584 -42.039703
25585 -42.121704
25586 -42.262402
25587 -42.426407
25588 -42.590607
25589 -42.754604
25590 -42.895302
25591 -42.977303
25594 -43.004704
25595 -43.020306
25596 -43.114204
25598 -43.434601
25599 -44.036201
25600 -44.700199
25601 -45.118301
25602 -45.192493
25603 -44.950302
25604 -44.477600
25606 -44.141998
25607 -44.360600
25608 -45.024601
25609 -45.633900
25610 -45.927097
25611 -45.993599
25612 -45.946602
25613 -45.782600
25614 -45.512901
25615 -45.274899
25617 -45.243404
25618 -45.454597
25619 -45.719799
25621 -45.782600
25622 -45.610600
25623 -45.415497
25624 -45.294102
25625 -45.134003
25626 -44.962200
25627 -45.016998
25628 -45.345001
25629 -45.665199
25630 -45.712200
25631 -45.501202
25632 -45.243599
25633 -45.134003
25634 -45.231899
25635 -45.415100
25636 -45.446602
25637 -45.215900
25638 -44.868500
25639 -44.579201
25640 -44.403500
25641 -44.337002
25642 -44.293903
25643 -44.196400
25644 -44.204300
25645 -44.512901
25646 -44.962002
25648 -45.251099
25649 -45.388100
25650 -45.563801
25651 -45.790401
25652 -45.946598
25653 -46.001400
25654 -46.009201
25655 -46.009201
25657 -46.009201
25659 -46.009201
25660 -46.013100
25661 -46.044399
25662 -46.142101
25663 -46.274803
25664 -46.282600
25665 -46.067699
25666 -45.814098
25667 -45.751301
25668 -45.755199
25669 -45.504902
25670 -45.005299
25671 -44.602699
25672 -44.509102
25673 -44.625999
25674 -44.805901
25675 -44.954201
25676 -45.005100
25677 -45.001202
25679 -45.012901
25680 -45.024601
25681 -45.083401
25682 -45.247200
25683 -45.352802
25685 -45.247200
25686 -45.071701
25687 -44.930702
25688 -44.684704
25689 -44.333103
25691 -44.098804
25692 -44.040001
25693 -44.110500
25694 -44.415298
25695 -44.907303
25696 -45.153305
25697 -44.809498
25698 -44.051899
25699 -43.297802
25700 -42.750797
25701 -42.387405
25702 -42.188206
25703 -42.184299
25706 -42.340496
25707 -42.500599
25708 -42.500599
25709 -42.336597
25710 -42.149097
25712 -42.047501
25713 -42.047504
25715 -42.153008
25716 -42.367901
25717 -42.609997
25718 -42.719402
25719 -42.609997
25720 -42.367901
25722 -42.153004
25723 -42.043598
25724 -42.012302
25725 -42.008404
25726 -42.008404
25727 -42.008404
25728 -42.008404
25729 -42.008404
25730 -42.012306
25731 -42.039703
25732 -42.137302
25733 -42.387600
25734 -42.860104
25735 -43.430599
25736 -43.703602
25737 -43.407101
25738 -42.778103
25739 -42.274303
25740 -42.055302
25741 -41.977100
25742 -41.867702
25743 -41.680202
25744 -41.516201
25745 -41.516201
25746 -41.676304
25747 -41.832500
25748 -41.828602
25749 -41.637196
25750 -41.340302
25751 -41.039494
25752 -40.793301
25753 -40.629299
25754 -40.570599
25755 -40.625401
25756 -40.758099
25757 -40.894897
25758 -40.976898
25759 -41.004299
25760 -41.008198
25762 -41.008198
25763 -41.008198
25764 -41.008198
25766 -41.008198
25767 -41.008198
25768 -41.008198
25769 -41.008198
25770 -41.008198
25771 -41.008198
25772 -41.008198
25773 -41.008198
25774 -41.008198
25775 -41.012096
25776 -41.039501
25777 -41.121494
25778 -41.254402
25779 -41.363594
25780 -41.371601
25781 -41.316799
25782 -41.348301
25783 -41.539501
25784 -41.785702
25786 -41.945797
25788 -41.996700
25789 -41.977100
25791 -41.895107
25792 -41.758297
25793 -41.625599
25794 -41.570797
25795 -41.625599
25796 -41.758297
25797 -41.895100
25798 -41.977100
25800 -42.004498
25801 -42.008404
25802 -42.008404
25803 -42.008404
25804 -42.008404
25805 -42.008404
25806 -42.008404
25807 -42.008404
25808 -42.008404
25809 -42.008404
25810 -42.008404
25811 -42.004505
25812 -41.977100
25813 -41.899006
25814 -41.789600
25815 -41.734997
25816 -41.789600
25817 -41.898998
25818 -41.977100
25819 -42.004498
25820 -42.008404
25821 -42.008404
25822 -42.008404
25823 -42.008404
25825 -42.004505
25826 -41.973202
25827 -41.863804
25828 -41.645000
25829 -41.371601
25830 -41.152798
25831 -41.047298
25832 -41.039497
25833 -41.090195
25834 -41.152798
25835 -41.207394
25836 -41.313099
25837 -41.504299
25838 -41.676304
25839 -41.727001
25840 -41.727200
25841 -41.789600
25842 -41.898998
25844 -41.977100
25845 -42.008400
25846 -42.043606
25847 -42.153008
25848 -42.371803
25849 -42.641300
25850 -42.844402
25851 -42.957901
25852 -43.114101
25853 -43.391605
25854 -43.610004
25855 -43.555603
25856 -43.305504
25857 -43.098602
25858 -43.016399
25859 -42.973400
25860 -42.867905
25861 -42.680401
25862 -42.516403
25864 -42.516403
25865 -42.680405
25866 -42.879604
25867 -43.067303
25868 -43.344601
25869 -43.758904
25871 -44.153099
25872 -44.286198
25874 -44.012402
25875 -43.395496
25876 -42.711697
25877 -42.246899
25879 -42.055302
25880 -42.012302
25881 -42.008404
25882 -42.008404
25883 -42.008404
25884 -42.008404
25885 -42.004505
25887 -41.977100
25888 -41.899006
25889 -41.789600
25890 -41.734997
25891 -41.789600
25892 -41.902901
25893 -42.008400
25894 -42.117798
25895 -42.262402
25896 -42.422504
25897 -42.567101
25898 -42.707802
25900 -42.895306
25901 -43.153202
25902 -43.426601
25903 -43.676704
25904 -43.958103
25905 -44.321301
25907 -44.751301
25908 -45.153301
25909 -45.333302
25910 -45.188499
25912 -44.895901
25914 -44.700298
25915 -44.731796
25916 -45.075500
25917 -45.708401
25918 -46.399796
25919 -46.938995
25920 -47.329796
25921 -47.642296
25922 -47.864998
25923 -47.974396
25924 -48.005699
25926 -48.009598
25927 -48.013500
25928 -48.044800
25929 -48.154198
25930 -48.372997
25931 -48.646400
25933 -48.865200
25934 -48.978500
25935 -49.041100
25936 -49.158298
25937 -49.408398
25938 -49.787296
25939 -50.193600
25940 -50.466999
25941 -50.498299
25942 -50.338196
25943 -50.150700
25944 -50.045200
25945 -50.013901
25946 -50.009998
25947 -50.006100
25949 -49.974800
25950 -49.865398
25953 -49.646599
25954 -49.373199
25955 -49.154400
25956 -49.045002
25957 -49.017601
25958 -49.041100
25959 -49.123100
25961 -49.259899
25964 -49.392601
25965 -49.447399
25966 -49.392601
25967 -49.259899
25968 -49.123100
25969 -49.041100
25970 -49.013702
25971 -49.009800
25972 -49.005898
25974 -48.974598
25976 -48.865196
25978 -48.646400
25979 -48.373001
25980 -48.154198
25981 -48.044800
25982 -48.017399
25983 -48.040897
25985 -48.122898
25986 -48.259693
25987 -48.396301
25988 -48.478497
25989 -48.505699
25990 -48.509800
25991 -48.505695
25992 -48.478500
25993 -48.400196
25994 -48.294899
25995 -48.267498
25996 -48.404297
25997 -48.650299
25998 -48.865200
26001 -48.978500
26002 -49.041100
26003 -49.154400
26004 -49.373199
26005 -49.650497
26006 -49.900597
26007 -50.119396
26008 -50.369495
26010 -50.646797
26011 -50.865593
26012 -50.974998
26013 -51.006294
26014 -51.010193
26015 -51.010193
26016 -51.010193
26017 -51.010193
26018 -51.010193
26019 -51.010193
26020 -51.010193
26021 -51.010193
26022 -51.006294
26023 -50.974995
26024 -50.865597
26025 -50.646797
26026 -50.373398
26027 -50.150700
26028 -50.013901
26029 -49.904499
26030 -49.787300
26031 -49.701401
26032 -49.646599
26033 -49.537201
26034 -49.341900
26035 -49.150501
26036 -49.045002
26037 -49.013702
26038 -49.009800
26039 -49.009800
26040 -49.009800
26041 -49.009800
26043 -49.009800
26044 -49.009800
26045 -49.009800
26046 -49.009800
26047 -49.009800
26048 -49.009800
26049 -49.009800
26051 -49.009800
26052 -49.009800
26053 -49.009800
26055 -49.009800
26056 -49.009800
26057 -49.009800
26059 -49.009800
26061 -49.009800
26062 -49.009800
26063 -49.009800
26064 -49.009800
26065 -49.009800
26066 -49.005898
26067 -48.974598
26068 -48.865196
26069 -48.646400
26070 -48.373001
26071 -48.154198
26072 -48.044800
26073 -48.013496
26074 -48.009598
26075 -48.009598
26076 -48.009598
26078 -48.009598
26079 -48.005699
26080 -47.974400
26081 -47.864998
26083 -47.646198
26084 -47.372799
26085 -47.153999
26086 -47.044598
26087 -47.013302
26088 -47.009399
26089 -47.009399
26090 -47.009399
26092 -47.009399
26093 -47.009399
26094 -47.009399
26095 -47.009399
26096 -47.009399
26098 -47.009399
26099 -47.009399
26100 -47.009399
26101 -47.009399
26102 -47.009399
26103 -47.009399
26104 -47.009399
26105 -47.009399
26107 -47.009399
26109 -47.013298
26110 -47.044598
26111 -47.153999
26112 -47.372795
26113 -47.646194
26114 -47.864998
26115 -47.974396
26116 -48.005699
26118 -48.009598
26119 -48.005699
26120 -47.978298
26121 -47.900196
26123 -47.790794
26124 -47.740101
26125 -47.822094
26126 -48.013500
26127 -48.232300
26128 -48.427597
26129 -48.623096
26130 -48.865200
26131 -49.115299
26132 -49.255798
26133 -49.259899
26135 -49.263802
26136 -49.404499
26137 -49.650501
26138 -49.869297
26139 -50.009998
26141 -50.150696
26142 -50.377296
26144 -50.682003
26145 -51.010201
26146 -51.338402
26147 -51.643105
26148 -51.861904
26149 -51.939999
26150 -51.857994
26151 -51.611797
26152 -51.217300
26153 -50.693600
26154 -50.045200
26155 -49.357502
26156 -48.861599
26157 -48.720699
26158 -48.826202
26159 -48.951099
26160 -48.998096
26161 -48.974598
26162 -48.865196
26163 -48.642502
26164 -48.337803
26166 -48.009598
26167 -47.681400
26168 -47.376698
26170 -47.153999
26171 -47.044598
26172 -47.001602
26173 -46.911602
26174 -46.646000
26175 -46.208401
26176 -45.825798
26177 -45.716202
26178 -45.825600
26180 -45.954399
26181 -46.024899
26182 -46.056004
26183 -46.009201
26184 -45.845001
26185 -45.685097
26186 -45.712299
26187 -45.935001
26188 -46.192799
26189 -46.321602
26191 -46.228001
26192 -45.954399
26193 -45.712498
26194 -45.684902
26195 -45.825600
26196 -45.973999
26197 -46.052101
26199 -46.044399
26200 -45.977901
26201 -45.950699
26202 -45.989597
26204 -46.020901
26205 -46.095303
26206 -46.341301
26207 -46.681202
26209 -46.903801
26211 -46.903801
26212 -46.681198
26213 -46.353001
26214 -46.189198
26215 -46.353001
26216 -46.681202
26217 -46.915501
26218 -46.993801
26220 -46.978100
26221 -46.899998
26222 -46.790600
26223 -46.736000
26224 -46.778900
26225 -46.806099
26226 -46.638199
26227 -46.243504
26228 -45.755398
26229 -45.262802
26230 -44.778603
26231 -44.423000
26232 -44.427097
26233 -44.888000
26234 -45.610603
26235 -46.216099
26236 -46.466198
26237 -46.474201
26238 -46.513302
26239 -46.681198
26240 -46.868698
26241 -46.974201
26242 -47.005501
26244 -47.009399
26245 -47.009399
26246 -47.009399
26247 -47.009399
26248 -47.009399
26249 -47.009399
26250 -47.009399
26251 -47.009399
26252 -47.009399
26253 -47.013298
26254 -47.040699
26255 -47.118801
26257 -47.228199
26258 -47.286697
26259 -47.263397
26260 -47.259499
26261 -47.372799
26262 -47.540699
26263 -47.650097
26264 -47.736198
26265 -47.931499
26266 -48.263599
26267 -48.615101
26268 -48.861301
26269 -48.974602
26270 -49.005901
26271 -49.009800
26272 -49.009800
26273 -49.009800
26274 -49.005898
26275 -48.974598
26276 -48.865196
26277 -48.646400
26278 -48.373001
26279 -48.154198
26280 -48.037003
26281 -47.946999
26282 -47.755596
26283 -47.427399
26284 -47.099400
26285 -46.935200
26286 -46.931301
26287 -46.950699
26288 -46.896099
26289 -46.790600
26290 -46.739899
26291 -46.829700
26292 -47.079796
26293 -47.486099
26295 -48.005699
26297 -48.501801
26298 -48.830002
26299 -48.970699
26300 -49.009800
26301 -49.044998
26302 -49.154400
26303 -49.373199
26304 -49.646599
26307 -49.865398
26308 -49.974800
26309 -50.006100
26310 -50.009998
26312 -50.009998
26313 -50.009998
26314 -50.009998
26315 -50.009998
26316 -50.009998
26319 -50.013897
26320 -50.045197
26321 -50.154594
26322 -50.373394
26323 -50.650700
26324 -50.900799
26325 -51.119606
26326 -51.369705
26327 -51.647003
26329 -51.865807
26330 -51.975204
26331 -52.006500
26332 -52.010406
26333 -52.010406
26334 -52.006504
26335 -51.975201
26336 -51.865799
26337 -51.646996
26338 -51.373596
26339 -51.154793
26340 -51.045395
26341 -51.010201
26342 -50.974995
26343 -50.865597
26344 -50.646797
26345 -50.373398
26346 -50.154598
26347 -50.049099
26348 -50.045200
26349 -50.119396
26350 -50.228798
26351 -50.283398
26352 -50.228798
26353 -50.119400
26354 -50.041298
26355 -50.013901
26356 -50.006100
26357 -49.974800
26359 -49.865398
26360 -49.646599
26361 -49.373199
26362 -49.150497
26363 -49.013702
26366 -48.900402
26369 -48.759701
26370 -48.626999
26372 -48.572201
26374 -48.623096
26376 -48.728401
26378 -48.787102
26379 -48.759701
26380 -48.732498
26381 -48.791000
26382 -48.900402
26383 -48.978500
26385 -49.005901
26386 -49.009800
26387 -49.009800
26388 -49.009800
26389 -49.009800
26390 -49.009800
26391 -49.009800
26392 -49.009800
26394 -49.009800
26395 -49.009800
26396 -49.009800
26397 -49.009800
26398 -49.009800
26399 -49.009800
26400 -49.009800
26401 -49.009800
26402 -49.009800
26403 -49.009800
26404 -49.009800
26405 -49.009800
26406 -49.009800
26407 -49.009800
26409 -49.009800
26410 -49.009800
26411 -49.005898
26412 -48.978500
26413 -48.896496
26414 -48.755798
26415 -48.591797
26417 -48.431499
26419 -48.294895
26420 -48.232296
26422 -48.259697
26423 -48.286896
26424 -48.228394
26425 -48.118996
26426 -48.044796
26427 -48.044796
26428 -48.118996
26429 -48.228394
26431 -48.282997
26432 -48.228394
26433 -48.118996
26434 -48.040894
26435 -48.017399
26438 -48.040897
26439 -48.118996
26441 -48.228394
26442 -48.282997
26443 -48.232296
26444 -48.154198
26445 -48.185497
26447 -48.376900
26448 -48.646400
26449 -48.865200
26450 -48.974602
26451 -49.005901
26452 -49.009800
26453 -49.009800
26454 -49.009800
26455 -49.009800
26457 -49.009800
26458 -49.005898
26459 -48.974598
26460 -48.869099
26461 -48.677700
26462 -48.482399
26463 -48.372993
26464 -48.318199
26465 -48.232300
26466 -48.118996
26467 -48.040894
26468 -48.013496
26469 -48.009598
26470 -48.013500
26472 -48.040897
26473 -48.122898
26474 -48.263596
26475 -48.427601
26476 -48.587894
26477 -48.720596
26478 -48.755802
26479 -48.646397
26482 -48.478497
26483 -48.372993
26484 -48.318199
26486 -48.232300
26488 -48.118996
26489 -48.040894
26490 -48.013496
26491 -48.009598
26492 -48.009598
26493 -48.009598
26494 -48.009598
26495 -48.009598
26496 -48.009598
26497 -48.009598
26498 -48.009598
26499 -48.009598
26500 -48.009598
26501 -48.009598
26502 -48.009598
26504 -48.009598
26505 -48.009598
26506 -48.013500
26508 -48.044800
26509 -48.154198
26510 -48.372997
26511 -48.646400
26512 -48.865200
26513 -48.974602
26514 -49.005901
26515 -49.009800
26516 -49.009800
26517 -49.009800
26518 -49.009800
26519 -49.009800
26520 -49.009800
26521 -49.009800
26522 -49.005898
26523 -48.978500
26524 -48.900398
26525 -48.791000
26526 -48.736401
26528 -48.791000
26530 -48.896500
26531 -48.943298
26532 -48.857399
26533 -48.615101
26534 -48.259701
26535 -47.900196
26536 -47.626797
26537 -47.431301
26538 -47.263401
26539 -47.122700
26540 -47.040699
26541 -47.013302
26543 -47.009399
26544 -47.009399
26545 -47.013298
26546 -47.040699
26547 -47.118801
26548 -47.228199
26549 -47.282799
26550 -47.228199
26551 -47.118801
26552 -47.028999
26553 -46.915504
26554 -46.646000
26555 -46.212299
26556 -45.857098
26557 -45.817802
26558 -45.981800
26560 -46.005100
26561 -45.774799
26562 -45.509197
26563 -45.384102
26564 -45.356701
26565 -45.391998
26566 -45.501202
26567 -45.559902
26568 -45.403400
26569 -45.020802
26570 -44.481407
26571 -43.880005
26572 -43.379807
26573 -43.106403
26574 -43.020302
26576 -43.004704
26577 -42.977303
26578 -42.899204
26579 -42.789803
26580 -42.735207
26581 -42.793701
26582 -42.942204
26583 -43.192299
26584 -43.657299
26585 -44.364399
26586 -45.075203
26587 -45.466000
26588 -45.497299
26589 -45.454597
26590 -45.559902
26591 -45.684803
26592 -45.512802
26593 -44.922901
26594 -44.192703
26595 -43.770603
26596 -43.770603
26598 -43.848301
26601 -43.727604
26602 -43.555603
26603 -43.540104
26605 -43.578800
26606 -43.540104
26608 -43.567299
26609 -43.833202
26610 -44.262596
26611 -44.684799
26613 -44.965801
26614 -45.012901
26615 -44.930901
26616 -45.013100
26617 -45.352802
26618 -45.731697
26620 -45.970100
26621 -46.114700
26622 -46.259300
26623 -46.392002
26624 -46.446800
26625 -46.391998
26626 -46.259300
26627 -46.114700
26628 -45.977901
26630 -45.794300
26631 -45.563801
26632 -45.399799
26633 -45.345001
26634 -45.290203
26636 -45.184898
26637 -45.161400
26638 -45.388199
26640 -45.872402
26641 -46.419399
26642 -46.802200
26643 -46.970299
26644 -47.040699
26645 -47.153999
26646 -47.372795
26648 -47.642296
26649 -47.829800
26650 -47.829800
26651 -47.642300
26652 -47.372799
26653 -47.142300
26654 -46.938999
26655 -46.587303
26656 -45.989601
26657 -45.380398
26658 -45.106800
26661 -45.169201
26662 -45.294102
26663 -45.380299
26664 -45.469902
26665 -45.462204
26667 -45.290199
26668 -45.173397
26669 -45.290199
26670 -45.450500
26671 -45.383801
26673 -45.110802
26674 -44.809605
26675 -44.548103
26676 -44.305603
26677 -44.188797
26678 -44.376099
26680 -44.794102
26682 -45.133900
26683 -45.235493
26684 -45.157497
26686 -45.055904
26687 -45.181202
26690 -45.618401
26692 -46.063801
26695 -46.212200
26696 -46.134300
26697 -46.044399
26698 -46.001400
26699 -45.915302
26701 -45.669304
26702 -45.247204
26704 -44.755203
26705 -44.274303
26707 -43.876202
26708 -43.782299
26709 -44.181000
26711 -44.825100
26712 -45.141605
26713 -44.813400
26714 -44.098804
26715 -43.551903
26716 -43.579300
26717 -44.219902
26718 -45.126099
26719 -45.754902
26720 -45.782501
26721 -45.356598
26723 -44.880402
26724 -44.594700
26725 -44.430901
26726 -44.211700
26727 -43.973900
26728 -43.989399
26729 -44.372200
26730 -44.813503
26731 -44.965801
26732 -44.888100
26733 -44.833103
26734 -44.821499
26735 -44.711903
26736 -44.575497
26737 -44.688801
26738 -45.118401
26739 -45.555801
26740 -45.680897
26742 -45.497299
26743 -45.243599
26745 -45.134003
26746 -45.243599
26747 -45.508999
26748 -45.782600
26749 -45.946598
26751 -46.001400
26752 -46.001400
26754 -45.946602
26756 -45.790401
26758 -45.571602
26759 -45.462399
26760 -45.571602
26761 -45.790401
26762 -45.946598
26764 -46.001400
26765 -45.997501
26766 -45.907501
26767 -45.618404
26768 -45.134003
26770 -44.751400
26771 -44.806000
26772 -45.243401
26773 -45.696499
26774 -45.934898
26776 -45.989700
26778 -45.915302
26780 -45.669304
26781 -45.247204
26782 -44.766903
26783 -44.356503
26784 -44.098801
26785 -44.004902
26786 -43.934406
26787 -43.782303
26788 -43.770599
26789 -44.181000
26791 -44.836800
26794 -45.235504
26795 -45.141598
26797 -44.743504
26798 -44.262604
26799 -43.770603
26800 -43.348503
26801 -43.114201
26802 -43.125900
26803 -43.430702
26804 -44.004902
26806 -44.590801
26807 -44.919003
26808 -45.083397
26809 -45.333298
26810 -45.622299
26811 -45.727798
26812 -45.669300
26813 -45.681202
26814 -45.837200
26815 -45.946602
26816 -45.829399
26817 -45.524700
26818 -45.177097
26819 -44.844803
26820 -44.524601
26821 -44.305801
26822 -44.360600
26823 -44.743401
26825 -45.282402
26826 -45.708302
26828 -45.841000
26829 -45.630203
26830 -45.137806
26831 -44.536404
26832 -43.985302
26833 -43.520500
26834 -43.125801
26835 -42.821098
26836 -42.633602
26837 -42.571007
26838 -42.625801
26839 -42.758507
26840 -42.895302
26841 -42.973400
26842 -42.973404
26843 -42.899204
26844 -42.785900
26845 -42.700001
26846 -42.649101
26847 -42.567101
26848 -42.453804
26849 -42.403103
26850 -42.457703
26851 -42.563202
26852 -42.645203
26854 -42.676506
26855 -42.700001
26856 -42.754601
26857 -42.789803
26858 -42.758507
26859 -42.743000
26860 -42.883701
26861 -43.239101
26862 -43.739304
26863 -44.247002
26864 -44.653500
26865 -44.856403
26866 -44.794098
26867 -44.657501
26868 -44.794300
26869 -45.243401
26870 -45.696499
26871 -45.934898
26872 -46.001400
26874 -46.009201
26875 -46.009201
26876 -46.001400
26877 -45.946602
26878 -45.790401
26879 -45.563801
26880 -45.399799
26881 -45.341103
26883 -45.258904
26884 -45.071602
26886 -44.895699
26887 -44.864601
26888 -44.856403
26889 -44.583004
26890 -44.004906
26891 -43.430702
26893 -43.125904
26894 -43.114201
26895 -43.336803
26896 -43.676704
26897 -43.922703
26898 -43.993202
26899 -43.993202
26900 -43.922707
26901 -43.676704
26902 -43.336803
26903 -43.102501
26904 -43.020302
26905 -43.008606
26906 -43.008606
26907 -43.008606
26908 -43.016403
26909 -43.082905
26910 -43.321304
26911 -43.786102
26912 -44.305702
26913 -44.594601
26914 -44.551903
26915 -44.313503
26916 -44.098801
26917 -44.040100
26918 -44.075104
26919 -44.110500
26920 -44.262798
26921 -44.684898
26922 -45.258900
26923 -45.716099
26924 -45.938801
26925 -46.001400
26926 -46.009201
26927 -46.001400
26929 -45.946602
26930 -45.794300
26932 -45.606800
26933 -45.606998
26934 -45.935001
26935 -46.427200
26936 -46.806099
26937 -46.997700
26938 -47.107101
26939 -47.165600
26940 -47.063999
26941 -46.790600
26942 -46.571999
26943 -46.603100
26944 -46.794498
26945 -46.946800
26946 -47.005497
26947 -47.040699
26948 -47.118801
26949 -47.220398
26950 -47.220200
26951 -47.009399
26952 -46.677299
26953 -46.458702
26954 -46.423298
26955 -46.364601
26956 -46.091202
26957 -45.708401
26958 -45.497597
26960 -45.563801
26961 -45.684803
26962 -45.524502
26963 -45.005100
26964 -44.430901
26965 -44.141804
26966 -44.149399
26967 -44.321499
26968 -44.637798
26969 -45.005100
26970 -45.184601
26971 -45.063702
26972 -44.704105
26973 -44.255100
26974 -43.989399
26975 -44.091003
26976 -44.305500
26977 -44.184402
26978 -43.665001
26979 -43.102505
26980 -42.821201
26981 -42.891502
26982 -43.227402
26983 -43.633705
26984 -43.824905
26985 -43.661102
26986 -43.305504
26987 -42.993099
26989 -42.797604
26991 -42.700001
26992 -42.645199
26993 -42.535801
26994 -42.344398
26995 -42.180397
26996 -42.152996
26997 -42.235001
26998 -42.313103
26999 -42.336597
27000 -42.336597
27001 -42.313099
27002 -42.235001
27003 -42.153004
27004 -42.180401
27006 -42.344398
27007 -42.535801
27008 -42.641300
27009 -42.664799
27010 -42.645203
27011 -42.567101
27012 -42.449902
27013 -42.367901
27014 -42.316998
27015 -42.231098
27016 -42.117802
27017 -42.039700
27018 -42.012302
27020 -42.008404
27021 -42.008404
27022 -42.008404
27023 -42.008404
27024 -42.008404
27025 -42.008404
27026 -42.008404
27028 -42.008404
27029 -42.008404
27030 -42.008404
27031 -42.008404
27032 -42.008404
27033 -42.008404
27034 -42.008404
27035 -42.008404
27036 -42.008404
27037 -42.008404
27038 -42.008404
27039 -42.008404
27041 -42.008404
27042 -42.004505
27044 -41.973202
27045 -41.863804
27047 -41.645000
27048 -41.371601
27049 -41.152798
27050 -41.043400
27051 -41.015999
27053 -41.043400
27054 -41.152798
27056 -41.371601
27057 -41.645000
27058 -41.863804
27059 -41.973202
27060 -42.004498
27061 -42.008404
27062 -42.008404
27063 -42.008404
27064 -42.012306
27065 -42.039703
27066 -42.117802
27068 -42.227200
27069 -42.281803
27071 -42.227200
27072 -42.117802
27073 -42.039700
27074 -42.012302
27075 -42.004505
27076 -41.977100
27077 -41.895107
27078 -41.754398
27079 -41.590401
27080 -41.426201
27081 -41.262199
27082 -41.121498
27083 -41.039497
27084 -41.012100
27085 -41.008198
27086 -41.008198
27087 -41.008198
27088 -41.008198
27089 -41.008198
27090 -41.008198
27091 -41.008198
27092 -41.004295
27093 -40.972996
27094 -40.863594
27095 -40.644794
27096 -40.371395
27097 -40.152596
27098 -40.043198
27099 -40.011898
27100 -40.007996
27101 -40.007996
27102 -40.007996
27103 -40.011898
27104 -40.043198
27105 -40.152599
27106 -40.371399
27107 -40.644798
27108 -40.863598
27109 -40.973000
27111 -41.004299
27112 -41.008198
27114 -41.008198
27115 -41.008198
27116 -41.008198
27117 -41.008198
27118 -41.008198
27119 -41.008198
27120 -41.004295
27121 -40.980797
27122 -40.933994
27123 -40.933994
27124 -41.098202
27126 -41.426197
27127 -41.754398
27128 -41.941898
27129 -42.000599
27130 -42.008404
27131 -42.008404
27132 -42.008404
27133 -42.008404
27134 -42.012306
27135 -42.043606
27136 -42.153008
27137 -42.371803
27138 -42.645203
27139 -42.875706
27140 -43.071201
27141 -43.375900
27142 -43.872200
27143 -44.418800
27144 -44.813698
27145 -45.063599
27146 -45.376499
27147 -45.872402
27148 -46.419399
27149 -46.802200
27150 -46.966400
27151 -47.005501
27154 -47.009399
27155 -47.005501
27156 -46.978100
27157 -46.899998
27158 -46.790600
27159 -46.736000
27160 -46.790600
27161 -46.899998
27163 -46.974201
27164 -46.962502
27165 -46.802200
27167 -46.427200
27168 -45.935001
27169 -45.606998
27170 -45.606800
27171 -45.794300
27174 -45.946598
27176 -46.005299
27178 -46.044399
27179 -46.153801
27180 -46.372601
27181 -46.646000
27182 -46.864799
27184 -46.974201
27185 -47.005501
27186 -47.009399
27187 -47.009399
27188 -47.009399
27189 -47.009399
27190 -47.009399
27192 -47.009399
27194 -47.009399
27195 -47.005501
27196 -46.974201
27197 -46.856998
27198 -46.583401
27199 -46.157700
27200 -45.751400
27201 -45.642197
27202 -45.938900
27204 -46.427200
27205 -46.802200
27206 -46.966400
27207 -47.005501
27208 -47.009399
27209 -47.009399
27210 -47.009399
27211 -47.009399
27212 -47.013298
27213 -47.040699
27214 -47.122700
27215 -47.263397
27216 -47.427399
27218 -47.591599
27219 -47.755600
27220 -47.896294
27221 -47.978294
27222 -47.997902
27223 -47.943100
27224 -47.755596
27225 -47.431297
27226 -47.134598
27227 -47.079796
27228 -47.302502
27229 -47.653999
27232 -48.009598
27233 -48.369099
27234 -48.755798
27235 -49.115299
27236 -49.361301
27237 -49.478699
27238 -49.537201
27239 -49.627197
27240 -49.799000
27241 -50.076500
27242 -50.490601
27244 -51.041500
27245 -51.643101
27246 -52.158798
27247 -52.463501
27249 -52.498703
27250 -52.342499
27251 -52.182400
27252 -52.154999
27253 -52.233101
27254 -52.283806
27255 -52.229202
27256 -52.115902
27257 -52.006496
27258 -51.869698
27259 -51.643097
27261 -51.342297
27262 -51.041496
27263 -50.791397
27264 -50.596096
27265 -50.427998
27266 -50.260101
27267 -50.088100
27268 -49.896698
27269 -49.650501
27271 -49.377098
27272 -49.185699
27273 -49.154404
27274 -49.232502
27275 -49.283199
27276 -49.228600
27277 -49.119202
27278 -49.041100
27279 -49.013702
27280 -49.009800
27281 -49.009800
27282 -49.009800
27283 -49.009800
27284 -49.009800
27285 -49.009800
27286 -49.005898
27287 -48.974598
27288 -48.865196
27290 -48.646400
27291 -48.373001
27292 -48.154198
27294 -48.044800
27295 -48.013496
27296 -48.009598
27297 -48.009598
27298 -48.009598
27299 -48.009598
27300 -48.009598
27301 -48.009598
27302 -48.009598
27303 -48.009598
27304 -48.009598
27305 -48.009598
27306 -48.009598
27307 -48.009598
27308 -48.013500
27309 -48.044800
27310 -48.154198
27311 -48.372997
27312 -48.646400
27313 -48.865200
27314 -48.974602
27315 -49.005901
27316 -49.009800
27317 -49.009800
27318 -49.009800
27319 -49.009800
27320 -49.009800
27321 -49.009800
27324 -49.009800
27325 -49.009800
27326 -49.009800
27327 -49.009800
27328 -49.009800
27329 -49.009800
27331 -49.009800
27332 -49.009800
27333 -49.009800
27334 -49.005898
27336 -48.974598
27337 -48.865196
27338 -48.646400
27339 -48.373001
27340 -48.154198
27341 -48.044800
27342 -48.013496
27343 -48.013500
27344 -48.044800
27345 -48.154198
27346 -48.376896
27347 -48.681599
27349 -49.009800
27350 -49.338001
27351 -49.642700
27352 -49.865398
27353 -49.970901
27354 -49.970901
27355 -49.861496
27356 -49.611397
27358 -49.228600
27359 -48.790993
27361 -48.408195
27364 -48.158096
27365 -48.044800
27366 -48.013496
27367 -48.005699
27368 -47.978298
27370 -47.900196
27371 -47.790794
27372 -47.736198
27373 -47.794697
27374 -47.935402
27375 -48.118996
27377 -48.333897
27378 -48.501801
27380 -48.501793
27381 -48.337799
27383 -48.150299
27384 -48.044800
27385 -48.013496
27388 -48.009598
27389 -48.013500
27390 -48.040897
27391 -48.118996
27392 -48.232296
27393 -48.314297
27395 -48.337795
27396 -48.337799
27398 -48.314293
27400 -48.232300
27401 -48.115097
27402 -48.005695
27403 -47.868900
27404 -47.650097
27405 -47.404099
27406 -47.263401
27407 -47.263401
27408 -47.286701
27409 -47.232098
27410 -47.153999
27411 -47.181396
27412 -47.345394
27413 -47.532898
27414 -47.614895
27415 -47.591599
27416 -47.568100
27417 -47.626793
27418 -47.759499
27421 -47.900196
27422 -48.009594
27423 -48.115097
27424 -48.228394
27425 -48.282997
27426 -48.232296
27427 -48.154198
27428 -48.185497
27431 -48.376900
27432 -48.646400
27433 -48.865200
27434 -48.974602
27435 -49.005901
27436 -49.009800
27438 -49.009800
27439 -49.009800
27441 -49.009800
27442 -49.009800
27443 -49.009800
27444 -49.009800
27445 -49.009800
27446 -49.009800
27447 -49.009800
27448 -49.009800
27449 -49.009800
27450 -49.009800
27451 -49.009800
27452 -49.009800
27453 -49.009800
27454 -49.009800
27455 -49.009800
27456 -49.009800
27457 -49.009800
27458 -49.009800
27459 -49.009800
27460 -49.009800
27461 -49.009800
27462 -49.009800
27463 -49.009800
27464 -49.009800
27465 -49.009800
27466 -49.013699
27467 -49.044998
27468 -49.154400
27469 -49.373199
27470 -49.642700
27471 -49.834099
27472 -49.865398
27473 -49.783401
27474 -49.701401
27475 -49.650497
27476 -49.572399
27477 -49.486500
27478 -49.513901
27479 -49.681801
27480 -49.869301
27481 -49.974800
27483 -50.006100
27484 -50.009998
27485 -50.009998
27486 -50.009998
27488 -50.009998
27489 -50.013897
27490 -50.045197
27491 -50.154594
27492 -50.373394
27493 -50.646797
27494 -50.865593
27495 -50.974998
27496 -51.006294
27498 -51.010193
27499 -51.010193
27500 -51.010193
27501 -51.010193
27502 -51.014095
27503 -51.045399
27504 -51.154800
27505 -51.373604
27507 -51.647003
27508 -51.865807
27509 -51.975204
27510 -52.002598
27511 -51.979103
27512 -51.901005
27513 -51.787701
27514 -51.705696
27515 -51.678299
27517 -51.646999
27518 -51.561096
27519 -51.424294
27520 -51.264198
27521 -51.123497
27524 -51.041496
27525 -51.014099
27527 -51.010193
27528 -51.014095
27530 -51.041496
27531 -51.119595
27533 -51.228996
27534 -51.283592
27535 -51.232899
27536 -51.150902
27537 -51.150898
27538 -51.236797
27539 -51.314896
27540 -51.338398
27542 -51.338394
27543 -51.314896
27544 -51.232895
27545 -51.119598
27546 -51.041496
27547 -51.014099
27548 -51.010193
27549 -51.006294
27550 -50.974995
27551 -50.865597
27552 -50.650696
27553 -50.404697
27554 -50.263996
27555 -50.264000
27556 -50.287300
27557 -50.228798
27558 -50.119400
27559 -50.033497
27560 -49.951302
27561 -49.791195
27562 -49.572399
27563 -49.463196
27564 -49.572399
27565 -49.791199
27566 -49.947399
27568 -50.002197
27569 -50.009998
27570 -50.006100
27571 -49.978699
27572 -49.900597
27573 -49.791199
27574 -49.728798
27575 -49.728600
27576 -49.681797
27577 -49.541096
27578 -49.459297
27579 -49.572399
27580 -49.791199
27581 -49.947399
27582 -50.002197
27583 -50.009998
27584 -50.009998
27585 -50.009998
27586 -50.009998
27587 -50.009998
27588 -50.009998
27590 -50.009998
27591 -50.009998
27592 -50.009998
27593 -50.009998
27594 -50.009998
27595 -50.009998
27596 -50.006100
27597 -49.974800
27598 -49.865398
27599 -49.646599
27600 -49.373199
27601 -49.154400
27602 -49.045002
27603 -49.009800
27604 -48.974598
27605 -48.865196
27606 -48.646400
27607 -48.369102
27609 -48.118999
27610 -47.900200
27611 -47.650101
27612 -47.372799
27613 -47.153999
27615 -47.044598
27616 -47.013302
27617 -47.009399
27618 -47.009399
27620 -47.009399
27621 -47.009399
27622 -47.013298
27623 -47.040699
27624 -47.114902
27625 -47.200798
27626 -47.208595
27627 -47.150101
27628 -47.173595
27629 -47.317997
27630 -47.427399
27631 -47.411800
27632 -47.337597
27633 -47.243797
27635 -47.157898
27637 -47.204895
27638 -47.427395
27639 -47.650097
27640 -47.724297
27641 -47.728394
27642 -47.790794
27643 -47.900200
27644 -47.978294
27645 -48.005699
27646 -48.005699
27647 -47.978298
27649 -47.900196
27650 -47.786896
27651 -47.701000
27652 -47.646198
27653 -47.536800
27655 -47.341499
27656 -47.150097
27657 -47.044598
27658 -47.013302
27659 -47.009399
27660 -47.009399
27662 -47.009399
27663 -47.009399
27664 -47.013298
27665 -47.040699
27667 -47.122700
27668 -47.263397
27669 -47.427399
27671 -47.591599
27672 -47.755600
27673 -47.896294
27674 -47.978294
27675 -48.005699
27676 -48.009598
27677 -48.009598
27678 -48.009598
27679 -48.009598
27680 -48.009598
27681 -48.005699
27682 -47.978298
27683 -47.900196
27684 -47.790794
27685 -47.736198
27686 -47.790794
27687 -47.900200
27689 -47.978294
27691 -48.005699
27692 -48.009598
27693 -48.009598
27694 -48.009598
27695 -48.009598
27696 -48.009598
27697 -48.013500
27698 -48.040897
27699 -48.118996
27700 -48.228394
27701 -48.282997
27702 -48.228394
27703 -48.118996
27705 -48.040894
27706 -48.013496
27707 -48.009598
27708 -48.009598
27709 -48.009598
27711 -48.009598
27712 -48.009598
27713 -48.009598
27714 -48.009598
27715 -48.009598
27716 -48.009598
27717 -48.009598
27718 -48.009598
27719 -48.009598
27720 -48.009598
27722 -48.009598
27723 -48.009598
27724 -48.009598
27726 -48.009598
27727 -48.009598
27728 -48.009598
27729 -48.009598
27730 -48.009598
27731 -48.009598
27732 -48.009598
27733 -48.009598
27734 -48.009598
27735 -48.009598
27736 -48.009598
27737 -48.009598
27738 -48.009598
27739 -48.009598
27740 -48.009598
27741 -48.009598
27742 -48.009598
27743 -48.009598
27745 -48.009598
27746 -48.009598
27747 -48.009598
27749 -48.009598
27750 -48.009598
27753 -48.009598
27754 -48.009598
27755 -48.009598
27756 -48.009598
27757 -48.009598
27758 -48.009598
27759 -48.009598
27760 -48.013500
27761 -48.040897
27762 -48.118996
27763 -48.228394
27764 -48.282997
27765 -48.232296
27766 -48.150295
27767 -48.154198
27768 -48.267502
27769 -48.427601
27770 -48.587894
27771 -48.720596
27772 -48.755802
27773 -48.650299
27774 -48.509796
27775 -48.486298
27776 -48.572197
27777 -48.650299
27779 -48.701199
27780 -48.787102
27781 -48.900402
27782 -48.978500
27783 -49.005901
27784 -49.005898
27785 -48.974598
27786 -48.869099
27787 -48.681602
27788 -48.517601
27789 -48.517597
27790 -48.681599
27791 -48.869099
27792 -48.970699
27793 -48.974602
27794 -48.900398
27795 -48.791000
27796 -48.736401
27797 -48.791000
27798 -48.896500
27799 -48.947201
27801 -48.896500
27802 -48.791000
27803 -48.736401
27804 -48.791000
27805 -48.896500
27806 -48.943298
27807 -48.861298
27808 -48.646400
27809 -48.373001
27810 -48.154198
27811 -48.044800
27813 -48.013496
27814 -48.009598
27815 -48.009598
27816 -48.009598
27817 -48.005699
27818 -47.978298
27820 -47.900196
27821 -47.790794
27822 -47.736198
27823 -47.790794
27824 -47.900200
27825 -47.978294
27826 -48.009602
27827 -48.040897
27828 -48.118996
27829 -48.228394
27831 -48.282997
27832 -48.228394
27834 -48.118996
27835 -48.040894
27837 -48.013496
27838 -48.009598
27839 -48.009598
27840 -48.009598
27841 -48.009598
27842 -48.009598
27843 -48.009598
27844 -48.009598
27845 -48.009598
27846 -48.005699
27847 -47.978298
27848 -47.900196
27849 -47.790794
27850 -47.732300
27851 -47.759495
27852 -47.790798
27853 -47.759499
27854 -47.732292
27855 -47.790794
27856 -47.900200
27857 -47.978294
27858 -48.005699
27859 -48.009598
27860 -48.009598
27861 -48.009598
27862 -48.009598
27863 -48.009598
27864 -48.009598
27865 -48.009598
27866 -48.009598
27867 -48.009598
27868 -48.009598
27869 -48.009598
27870 -48.009598
27871 -48.009598
27872 -48.009598
27873 -48.009598
27874 -48.009598
27875 -48.001801
27876 -47.939201
27877 -47.724297
27878 -47.317997
27879 -46.884499
27880 -46.693100
27881 -46.825794
27882 -47.091396
27883 -47.247601
27884 -47.224300
27885 -47.118801
27887 -47.040699
27888 -47.013302
27889 -47.009399
27890 -47.009399
27891 -47.009399
27892 -47.009399
27893 -47.013298
27894 -47.044598
27896 -47.150101
27897 -47.337597
27898 -47.505497
27899 -47.536797
27900 -47.482193
27901 -47.513496
27902 -47.681396
27904 -47.868896
27905 -47.974396
27906 -48.005699
27907 -48.009598
27908 -48.009598
27909 -48.009598
27910 -48.009598
27911 -48.009598
27912 -48.009598
27913 -48.009598
27914 -48.009598
27915 -48.009598
27917 -48.009598
27918 -48.009598
27919 -48.005699
27920 -47.974400
27921 -47.864998
27922 -47.646198
27923 -47.372799
27924 -47.153999
27925 -47.044598
27926 -47.013302
27927 -47.009399
27928 -47.009399
27929 -47.009399
27930 -47.005501
27931 -46.978100
27933 -46.899998
27934 -46.790600
27935 -46.736000
27936 -46.790600
27937 -46.899998
27938 -46.978100
27939 -47.005501
27940 -47.009399
27941 -47.009399
27942 -47.009399
27943 -47.009399
27944 -47.009399
27945 -47.009399
27946 -47.009399
27947 -47.009399
27948 -47.009399
27950 -47.009399
27951 -47.009399
27952 -47.009399
27953 -47.009399
27954 -47.009399
27955 -47.013298
27956 -47.040699
27957 -47.118801
27958 -47.228199
27959 -47.282799
27960 -47.228199
27963 -47.118801
27964 -47.040699
27965 -47.013302
27966 -47.009399
27967 -47.009399
27968 -47.009399
27969 -47.009399
27970 -47.009399
27971 -47.009399
27972 -47.009399
27973 -47.009399
27976 -47.009399
27977 -47.009399
27978 -47.009399
27979 -47.009399
27980 -47.009399
27981 -47.005501
27982 -46.978100
27983 -46.896099
27984 -46.755402
27985 -46.595299
27986 -46.462399
27987 -46.403900
27988 -46.442902
27989 -46.473999
27990 -46.317799
27992 -46.009201
27993 -45.825798
27994 -45.911499
27995 -46.122501
27996 -46.278698
27997 -46.341297
27999 -46.376499
28000 -46.478100
28001 -46.642101
28003 -46.727997
28004 -46.645996
28005 -46.501602
28006 -46.419403
28008 -46.321697
28009 -46.098999
28010 -45.900002
28011 -45.931103
28013 -46.098999
28014 -46.169300
28015 -46.102997
28016 -45.977901
28018 -45.794300
28022 -45.571602
28023 -45.450699
28024 -45.466003
28025 -45.356606
28026 -44.856403
28027 -44.091003
28028 -43.442406
28029 -43.114204
28030 -43.020302
28031 -43.008606
28032 -43.008606
28033 -43.004704
28034 -42.973400
28036 -42.864002
28038 -42.645199
28039 -42.371799
28040 -42.153004
28041 -42.043598
28043 -42.012302
28044 -42.008404
28045 -42.008404
28046 -42.008404
28047 -42.008404
28049 -42.008404
28050 -42.008404
28051 -42.008404
28052 -42.008404
28053 -42.008404
28054 -42.012306
28055 -42.039703
28056 -42.117802
28057 -42.231102
28058 -42.313103
28059 -42.340500
28060 -42.371799
28061 -42.457703
28062 -42.594505
28063 -42.754604
28065 -42.895302
28066 -42.977303
28067 -43.004704
28068 -43.008606
28069 -43.008606
28070 -43.020306
28072 -43.102505
28073 -43.336803
28074 -43.676704
28075 -43.926601
28076 -44.028400
28077 -44.145599
28078 -44.348701
28079 -44.540100
28080 -44.704296
28081 -44.938698
28082 -45.325600
28083 -45.864601
28084 -46.419399
28085 -46.802200
28088 -46.966400
28089 -47.005501
28090 -47.009399
28091 -47.009399
28092 -47.009399
28093 -47.009399
28094 -47.009399
28095 -47.009399
28096 -47.009399
28097 -47.009399
28098 -47.009399
28099 -47.013298
28100 -47.044598
28101 -47.153999
28102 -47.368896
28103 -47.610996
28104 -47.724297
28105 -47.646198
28106 -47.509598
28107 -47.482197
28108 -47.536800
28109 -47.505501
28110 -47.341496
28111 -47.185295
28113 -47.189194
28114 -47.376694
28115 -47.646194
28116 -47.864998
28117 -47.974396
28118 -48.005699
28119 -48.009598
28120 -48.009598
28121 -48.009598
28122 -48.013500
28125 -48.040897
28126 -48.122898
28127 -48.263596
28128 -48.427601
28129 -48.591797
28130 -48.755798
28131 -48.896500
28132 -48.978500
28133 -49.005901
28134 -49.013699
28135 -49.044998
28136 -49.150501
28137 -49.338001
28138 -49.501999
28139 -49.501999
28140 -49.338001
28141 -49.150501
28142 -49.045002
28143 -49.013702
28144 -49.009800
28145 -49.009800
28148 -49.009800
28149 -49.009800
28150 -49.009800
28151 -49.009800
28152 -49.009800
28153 -49.009800
28154 -49.009800
28155 -49.009800
28156 -49.009800
28158 -49.009800
28159 -49.009800
28160 -49.009800
28162 -49.009800
28163 -49.009800
28164 -49.009800
28165 -49.009800
28166 -49.009800
28167 -49.009800
28168 -49.009800
28169 -49.009800
28170 -49.009800
28171 -49.009800
28172 -49.009800
28173 -49.009800
28174 -49.009800
28175 -49.009800
28176 -49.009800
28178 -49.009800
28179 -49.009800
28180 -49.009800
28181 -49.009800
28182 -49.009800
28183 -49.009800
28184 -49.009800
28186 -49.009800
28187 -49.009800
28188 -49.009800
28189 -49.009800
28190 -49.009800
28191 -49.009800
28192 -49.009800
28193 -49.009800
28195 -49.009800
28196 -49.009800
28197 -49.009800
28198 -49.009800
28199 -49.009800
28200 -49.009800
28201 -49.009800
28202 -49.009800
28203 -49.009800
28204 -49.009800
28205 -49.009800
28206 -49.009800
28207 -49.009800
28208 -49.009800
28209 -49.009800
28210 -49.009800
28211 -49.009800
28212 -49.009800
28213 -49.009800
28215 -49.009800
28216 -49.009800
28217 -49.009800
28218 -49.009800
28219 -49.009800
28220 -49.009800
28221 -49.009800
28222 -49.009800
28223 -49.009800
28224 -49.009800
28225 -49.009800
28226 -49.009800
28227 -49.009800
28228 -49.009800
28229 -49.009800
28230 -49.009800
28231 -49.009800
28234 -49.009800
28235 -49.009800
28236 -49.009800
28238 -49.009800
28239 -49.005898
28240 -48.978500
28241 -48.900398
28242 -48.791000
28243 -48.740299
28245 -48.822300
28246 -49.009804
28247 -49.197300
28248 -49.279301
28249 -49.228600
28250 -49.119202
28251 -49.041100
28252 -49.013702
28253 -49.009800
28254 -49.009800
28255 -49.009800
28256 -49.005898
28257 -48.978500
28258 -48.896496
28259 -48.759701
28260 -48.623096
28261 -48.536999
28262 -48.482399
28264 -48.400196
28265 -48.290997
28266 -48.232296
28267 -48.259697
28268 -48.286896
28269 -48.228394
28270 -48.118996
28271 -48.040894
28272 -48.013496
28274 -48.009598
28275 -48.009598
28276 -48.009598
28277 -48.009598
28278 -48.009598
28279 -48.009598
28280 -48.009598
28281 -48.009598
28282 -48.005699
28283 -47.974400
28285 -47.864998
28286 -47.646198
28288 -47.372799
28290 -47.153999
28291 -47.044598
28292 -47.013302
28293 -47.005501
28294 -46.974201
28295 -46.868698
28296 -46.681198
28297 -46.505501
28299 -46.423302
28300 -46.352997
28301 -46.212299
28302 -46.153999
28303 -46.349102
28304 -46.681202
28305 -46.919399
28306 -47.028999
28307 -47.122700
28308 -47.259499
28309 -47.396099
28310 -47.482197
28311 -47.536797
28312 -47.622894
28313 -47.763401
28314 -47.931496
28315 -48.122898
28317 -48.369099
28318 -48.646400
28319 -48.865200
28320 -48.978500
28321 -49.041100
28322 -49.154400
28323 -49.369301
28324 -49.611401
28325 -49.720798
28326 -49.611401
28327 -49.369301
28328 -49.154400
28329 -49.045002
28331 -49.013702
28332 -49.009800
28333 -49.009800
28334 -49.009800
28336 -49.009800
28337 -49.009800
28339 -49.005898
28340 -48.974598
28341 -48.865196
28342 -48.646400
28343 -48.373001
28344 -48.154198
28345 -48.044800
28346 -48.013496
28347 -48.005699
28348 -47.978298
28349 -47.900196
28352 -47.782997
28353 -47.673599
28354 -47.568096
28355 -47.431301
28356 -47.322098
28357 -47.349297
28358 -47.517395
28359 -47.728195
28360 -47.892395
28361 -47.982197
28362 -48.040901
28364 -48.154198
28365 -48.372997
28366 -48.646400
28367 -48.865200
28368 -48.974602
28369 -49.005901
28370 -49.009800
28371 -49.009800
28372 -49.009800
28373 -49.009800
28374 -49.009800
28375 -49.009800
28376 -49.005898
28378 -48.978500
28379 -48.896496
28380 -48.755798
28381 -48.591797
28382 -48.427597
28383 -48.263596
28384 -48.122894
28386 -48.040894
28387 -48.013496
28388 -48.009598
28389 -48.009598
28390 -48.009598
28391 -48.005699
28393 -47.978298
28394 -47.896297
28395 -47.755596
28396 -47.591599
28397 -47.427399
28398 -47.263401
28399 -47.122700
28401 -47.040699
28403 -47.013302
28404 -47.009399
28405 -46.997700
28406 -46.915501
28407 -46.681198
28408 -46.353001
28410 -46.189198
28411 -46.356899
28413 -46.716400
28415 -47.060097
28416 -47.361099
28417 -47.646194
28418 -47.864998
28419 -47.974396
28420 -48.009602
28421 -48.044800
28422 -48.154198
28423 -48.372997
28424 -48.646400
28425 -48.865200
28427 -48.974602
28428 -49.005901
28429 -49.009800
28430 -49.009800
28432 -49.009800
28433 -49.009800
28435 -49.009800
28436 -49.009800
28437 -49.009800
28438 -49.009800
28439 -49.009800
28440 -49.009800
28441 -49.009800
28442 -49.005898
28443 -48.978500
28444 -48.900398
28445 -48.791000
28446 -48.732498
28448 -48.759701
28449 -48.791000
28450 -48.759701
28451 -48.728596
28452 -48.755798
28453 -48.759701
28455 -48.650299
28456 -48.513699
28457 -48.517597
28458 -48.681599
28459 -48.865196
28460 -48.943302
28461 -48.896500
28462 -48.791000
28463 -48.736401
28464 -48.787098
28465 -48.869102
28466 -48.869102
28467 -48.787098
28468 -48.736401
28469 -48.791000
28470 -48.896500
28471 -48.947201
28473 -48.892597
28474 -48.759701
28475 -48.626999
28476 -48.568298
28477 -48.591797
28478 -48.615097
28479 -48.536999
28480 -48.372997
28481 -48.263599
28482 -48.298798
28484 -48.431499
28485 -48.591797
28486 -48.755798
28487 -48.896500
28488 -48.978500
28489 -49.005901
28490 -49.009800
28491 -49.009800
28492 -49.009800
28493 -49.009800
28494 -49.009800
28495 -49.009800
28496 -49.009800
28497 -49.009800
28498 -49.005898
28500 -48.978500
28501 -48.900398
28503 -48.787098
28504 -48.705101
28505 -48.681602
28506 -48.681599
28507 -48.705097
28508 -48.783199
28509 -48.869102
28510 -48.869102
28511 -48.783195
28512 -48.701199
28513 -48.646400
28514 -48.540897
28515 -48.372997
28516 -48.263599
28517 -48.294895
28519 -48.400200
28520 -48.478497
28521 -48.505699
28522 -48.509800
28523 -48.509598
28524 -48.509800
28525 -48.509598
28526 -48.509800
28527 -48.505695
28528 -48.478500
28530 -48.400196
28531 -48.294899
28532 -48.263596
28533 -48.369095
28534 -48.505699
28535 -48.501793
28536 -48.337799
28537 -48.150299
28538 -48.048702
28539 -48.044796
28540 -48.118996
28542 -48.232296
28543 -48.318199
28544 -48.369095
28545 -48.447197
28546 -48.536999
28547 -48.536999
28548 -48.447197
28550 -48.369095
28551 -48.322102
28552 -48.267502
28553 -48.263599
28554 -48.404297
28555 -48.650299
28556 -48.865200
28557 -48.974602
28558 -49.005901
28559 -49.009800
28560 -49.005898
28562 -48.978500
28563 -48.896496
28564 -48.759701
28566 -48.626999
28567 -48.572201
28568 -48.626999
28569 -48.759701
28570 -48.896500
28572 -48.978500
28573 -49.005901
28574 -49.009800
28575 -49.009800
28577 -49.009800
28578 -49.009800
28579 -49.009800
28580 -49.009800
28581 -49.009800
28582 -49.005898
28583 -48.978500
28584 -48.900398
28585 -48.791000
28586 -48.736401
28587 -48.791000
28588 -48.900402
28589 -48.978500
28590 -49.005901
28591 -49.005898
28592 -48.978500
28593 -48.900398
28594 -48.791000
28595 -48.736401
28597 -48.791000
28598 -48.900402
28599 -48.978500
28600 -49.005901
28601 -49.009800
28602 -49.005898
28603 -48.978500
28604 -48.900398
28605 -48.791000
28606 -48.736401
28607 -48.791000
28608 -48.900402
28609 -48.978500
28610 -49.005901
28611 -49.009800
28612 -49.009800
28613 -49.009800
28614 -49.009800
28616 -49.009800
28617 -49.009800
28619 -49.009800
28620 -49.005898
28621 -48.978500
28622 -48.900398
28623 -48.791000
28624 -48.736401
28625 -48.791000
28626 -48.900402
28627 -48.978500
28628 -49.005901
28629 -49.009800
28630 -49.009800
28631 -49.009800
28632 -49.009800
28633 -49.009800
28634 -49.009800
28636 -49.009800
28637 -49.009800
28638 -49.009800
28639 -49.005898
28640 -48.978500
28641 -48.900398
28642 -48.791000
28643 -48.736401
28644 -48.791000
28645 -48.900402
28646 -48.978500
28647 -49.005901
28649 -49.009800
28650 -49.009800
28651 -49.009800
28653 -49.009800
28654 -49.009800
28656 -49.009800
28657 -49.009800
28658 -49.009800
28659 -49.009800
28660 -49.009800
28661 -49.009800
28662 -49.009800
28663 -49.009800
28664 -49.009800
28665 -49.009800
28666 -49.009800
28667 -49.009800
28668 -49.009800
28669 -49.009800
28670 -49.009800
28671 -49.009800
28672 -49.009800
28673 -49.009800
28674 -49.009800
28675 -49.009800
28676 -49.009800
28677 -49.009800
28678 -49.009800
28680 -49.009800
28681 -49.009800
28682 -49.009800
28683 -49.009800
28684 -49.009800
28685 -49.009800
28686 -49.009800
28687 -49.009800
28688 -49.009800
28689 -49.009800
28691 -49.009800
28692 -49.009800
28693 -49.009800
28694 -49.009800
28695 -49.009800
28696 -49.009800
28697 -49.009800
28698 -49.009800
28699 -49.009800
28701 -49.009800
28702 -49.009800
28703 -49.009800
28704 -49.009800
28705 -49.009800
28707 -49.009800
28708 -49.009800
28709 -49.009800
28710 -49.009800
28712 -49.009800
28713 -49.009800
28714 -49.009800
28715 -49.005898
28716 -48.978500
28717 -48.896496
28718 -48.755798
28719 -48.595699
28720 -48.462799
28721 -48.408199
28722 -48.482395
28723 -48.646400
28724 -48.755795
28725 -48.724503
28726 -48.623100
28727 -48.572201
28728 -48.623096
28729 -48.728401
28732 -48.787102
28733 -48.759701
28734 -48.728596
28735 -48.759701
28736 -48.791000
28737 -48.759701
28738 -48.728596
28740 -48.759701
28741 -48.791000
28742 -48.759701
28743 -48.732498
28744 -48.791000
28745 -48.900402
28746 -48.974598
28747 -48.974602
28748 -48.896496
28749 -48.755798
28750 -48.595699
28751 -48.458897
28752 -48.376900
28753 -48.376900
28754 -48.458897
28755 -48.595699
28756 -48.755798
28757 -48.892597
28758 -48.943298
28759 -48.865200
28760 -48.681602
28761 -48.517601
28762 -48.513695
28763 -48.650299
28764 -48.755795
28765 -48.720600
28766 -48.591801
28767 -48.462799
28768 -48.404297
28769 -48.454998
28771 -48.564396
28772 -48.618999
28773 -48.591797
28774 -48.568302
28775 -48.626999
28776 -48.759701
28777 -48.896500
28778 -48.974598
28779 -48.974602
28780 -48.900398
28781 -48.791000
28782 -48.736401
28783 -48.791000
28784 -48.896500
28785 -48.947201
28786 -48.896500
28787 -48.791000
28788 -48.736401
28789 -48.791000
28790 -48.900402
28791 -48.978500
28792 -49.005901
28793 -49.009800
28794 -49.009800
28795 -49.009800
28796 -49.009800
28797 -49.009800
28798 -49.009800
28800 -49.009800
28801 -49.009800
28802 -49.009800
28803 -49.009800
28804 -49.009800
28805 -49.009800
28806 -49.005898
28807 -48.978500
28808 -48.900398
28809 -48.791000
28810 -48.736401
28811 -48.791000
28812 -48.900402
28813 -48.974598
28814 -48.974602
28815 -48.900398
28816 -48.791000
28817 -48.736401
28818 -48.791000
28819 -48.900402
28820 -48.978500
28821 -49.005901
28823 -49.009800
28824 -49.009800
28825 -49.009800
28826 -49.005898
28827 -48.978500
28828 -48.900398
28830 -48.791000
28831 -48.736401
28834 -48.787098
28835 -48.869102
28836 -48.869102
28837 -48.787098
28838 -48.732498
28840 -48.759701
28841 -48.787098
28843 -48.728401
28844 -48.623100
28845 -48.572201
28846 -48.626999
28847 -48.759701
28850 -48.896500
28851 -48.978500
28852 -49.005901
28853 -49.009800
28854 -49.009800
28857 -49.009800
28858 -49.009800
28860 -49.009800
28862 -49.009800
28863 -49.009800
28864 -49.009800
28865 -49.009800
28866 -49.009800
28867 -49.009800
28868 -49.009800
28869 -49.009800
28870 -49.009800
28871 -49.009800
28872 -49.009800
28873 -49.009800
28874 -49.009800
28875 -49.009800
28876 -49.009800
28877 -49.005898
28878 -48.974598
28879 -48.869099
28880 -48.681602
28881 -48.513699
28882 -48.486298
28883 -48.572197
28884 -48.650299
28885 -48.701199
28886 -48.787102
28887 -48.900402
28888 -48.978500
28889 -49.001999
28890 -48.978500
28891 -48.900398
28892 -48.791000
28893 -48.736401
28894 -48.791000
28895 -48.900402
28896 -48.974598
28897 -48.970699
28898 -48.869099
28899 -48.681602
28900 -48.517601
28901 -48.513695
28902 -48.650299
28903 -48.759697
28904 -48.755802
28905 -48.732498
28906 -48.791000
28907 -48.896500
28908 -48.943298
28909 -48.865200
28910 -48.677700
28911 -48.486301
28912 -48.408195
28913 -48.462799
28914 -48.595699
28915 -48.751896
28916 -48.861298
28917 -48.833900
28918 -48.646397
28919 -48.408203
28920 -48.298798
28921 -48.408199
28922 -48.650299
28924 -48.865200
28925 -48.974602
28926 -49.005901
28927 -49.009800
28929 -49.009800
28930 -49.009800
28931 -49.005898
28933 -48.978500
28934 -48.896496
28935 -48.759701
28936 -48.626999
28937 -48.568298
28938 -48.591797
28939 -48.615097
28940 -48.536999
28941 -48.372997
28942 -48.259697
28943 -48.267498
28944 -48.318195
28945 -48.337795
28946 -48.337799
28947 -48.314293
28948 -48.236202
28949 -48.150295
28950 -48.150295
28951 -48.232300
28952 -48.282997
28953 -48.228394
28954 -48.118996
28956 -48.040894
28957 -48.013496
28958 -48.009598
28959 -48.009598
28960 -48.009598
28961 -48.009598
28962 -48.009598
28963 -48.009598
28964 -48.005699
28965 -47.974400
28966 -47.868896
28967 -47.677498
28969 -47.486095
28970 -47.407997
28971 -47.462601
28972 -47.591599
28974 -47.720402
28975 -47.751698
28976 -47.614899
28977 -47.368900
28979 -47.153999
28981 -47.048496
28982 -47.044601
28984 -47.118801
28985 -47.228199
28986 -47.282799
28987 -47.228199
28988 -47.118801
28989 -47.040699
28990 -47.013302
28991 -47.009399
28992 -47.009399
28993 -47.009399
28994 -47.009399
28995 -47.009399
28997 -47.009399
28998 -47.009399
28999 -47.009399
29000 -47.009399
29002 -47.009399
29003 -47.009399
29004 -47.009399
29005 -47.009399
29008 -47.009399
29009 -47.009399
29010 -47.009399
29012 -47.009399
29013 -47.009399
29014 -47.009399
29016 -47.009399
29017 -47.009399
29018 -47.009399
29019 -47.009399
29020 -47.009399
29021 -47.009399
29023 -47.009399
29024 -47.009399
29025 -47.009399
29026 -47.009399
29027 -47.009399
29028 -47.009399
29029 -47.009399
29030 -47.009399
29031 -47.009399
29032 -47.009399
29033 -47.009399
29034 -47.009399
29035 -47.009399
29036 -47.009399
29037 -47.005501
29038 -46.978100
29039 -46.896099
29040 -46.759300
29042 -46.622700
29043 -46.528801
29044 -46.411598
29045 -46.114502
29046 -45.602901
29047 -45.130299
29048 -44.985699
29049 -45.075302
29050 -45.071400
29051 -44.954399
29052 -45.020897
29053 -45.384102
29054 -45.837200
29056 -46.157600
29057 -46.274799
29058 -46.231899
29059 -46.153797
29060 -46.185101
29061 -46.376499
29062 -46.646000
29063 -46.864799
29064 -46.974201
29065 -47.005501
29066 -47.009399
29067 -47.009399
29068 -47.009399
29069 -47.009399
29070 -47.009399
29071 -47.009399
29072 -47.009399
29073 -47.009399
29074 -47.009399
29075 -47.009399
29076 -47.009399
29077 -47.009399
29078 -47.009399
29079 -47.009399
29081 -47.009399
29082 -47.009399
29083 -47.009399
29084 -47.009399
29085 -47.001598
29086 -46.946800
29087 -46.790600
29088 -46.571800
29089 -46.462601
29090 -46.571800
29091 -46.790600
29092 -46.946800
29093 -47.001598
29095 -47.009399
29096 -47.009399
29097 -47.009399
29098 -47.009399
29099 -47.009399
29100 -47.009399
29101 -47.009399
29102 -47.009399
29103 -47.009399
29104 -47.009399
29105 -47.009399
29108 -47.009399
29109 -47.009399
29111 -47.009399
29112 -47.009399
29113 -47.009399
29114 -47.009399
29115 -47.009399
29116 -47.009399
29117 -47.009399
29118 -47.013298
29119 -47.040699
29120 -47.118801
29121 -47.228199
29122 -47.282799
29123 -47.220398
29124 -47.056202
29125 -46.821899
29126 -46.575699
29127 -46.462601
29128 -46.575699
29129 -46.821899
29130 -47.056202
29131 -47.220402
29133 -47.282799
29134 -47.228199
29135 -47.118801
29136 -47.040699
29137 -47.013302
29139 -47.013298
29140 -47.040699
29141 -47.118801
29142 -47.232098
29143 -47.317997
29144 -47.368896
29145 -47.446995
29146 -47.532898
29147 -47.505501
29148 -47.337597
29149 -47.150097
29150 -47.044598
29152 -47.013302
29153 -47.009399
29155 -47.009399
29157 -47.009399
29158 -47.009399
29159 -47.009399
29160 -47.009399
29161 -47.009399
29163 -47.009399
29164 -47.009399
29165 -47.009399
29166 -47.009399
29168 -47.009399
29169 -47.009399
29170 -47.009399
29171 -47.009399
29172 -47.009399
29173 -47.009399
29174 -47.009399
29175 -47.009399
29176 -47.009399
29177 -47.009399
29178 -47.009399
29179 -47.009399
29180 -47.009399
29181 -47.009399
29182 -47.009399
29183 -47.009399
29184 -47.009399
29185 -47.009399
29186 -47.009399
29187 -47.009399
29189 -47.009399
29190 -47.013298
29192 -47.040699
29193 -47.122700
29194 -47.259499
29195 -47.392200
29196 -47.446999
29197 -47.392200
29198 -47.259499
29199 -47.122700
29200 -47.044598
29201 -47.044601
29202 -47.118801
29203 -47.228199
29204 -47.282799
29205 -47.228199
29206 -47.118801
29207 -47.040699
29208 -47.013302
29209 -47.009399
29210 -47.009399
29211 -47.009399
29212 -47.009399
29215 -47.009399
29216 -47.009399
29217 -47.009399
29218 -47.009399
29219 -47.009399
29220 -47.009399
29221 -47.009399
29223 -47.009399
29224 -47.009399
29225 -47.009399
29226 -47.009399
29227 -47.009399
29228 -47.009399
29229 -47.009399
29230 -47.009399
29232 -46.997700
29233 -46.911602
29234 -46.646000
29235 -46.212299
29236 -45.849297
29237 -45.763004
29238 -45.825600
29239 -45.790199
29241 -45.696896
29242 -45.727802
29243 -45.821701
29244 -45.774601
29245 -45.579498
29246 -45.352802
29247 -45.165302
29248 -45.130299
29249 -45.333302
29250 -45.575401
29251 -45.485401
29252 -44.950302
29253 -44.313801
29255 -44.095001
29256 -44.477798
29257 -45.149502
29258 -45.684799
29259 -45.923199
29260 -45.907501
29261 -45.669304
29262 -45.258904
29263 -44.853001
29264 -44.633801
29265 -44.634197
29267 -44.758701
29268 -44.903698
29269 -45.032299
29270 -45.169300
29272 -45.290199
29273 -45.337200
29274 -45.337200
29275 -45.345001
29277 -45.352802
29278 -45.391998
29279 -45.493401
29281 -45.509003
29282 -45.290199
29283 -45.016998
29284 -45.016998
29285 -45.290203
29286 -45.501198
29287 -45.430801
29288 -45.173199
29289 -44.915203
29292 -44.806000
29293 -44.962200
29294 -45.333302
29295 -45.633900
29296 -45.598904
29297 -45.239399
29298 -44.766903
29299 -44.368202
29300 -44.204399
29301 -44.426998
29302 -44.915100
29303 -45.223701
29304 -45.094799
29305 -44.751301
29306 -44.489403
29307 -44.317402
29308 -44.114304
29309 -43.836803
29310 -43.516602
29311 -43.235207
29312 -43.071205
29313 -43.016403
29314 -43.008606
29315 -43.008606
29316 -43.004704
29317 -42.977303
29318 -42.899204
29319 -42.785900
29320 -42.700001
29321 -42.645199
29322 -42.539703
29323 -42.375702
29324 -42.289799
29325 -42.371799
29326 -42.508400
29327 -42.531898
29328 -42.449898
29329 -42.403103
29330 -42.461605
29332 -42.594505
29333 -42.754604
29334 -42.895302
29335 -42.977303
29337 -43.004704
29338 -43.008606
29340 -43.008606
29341 -43.004704
29342 -42.977303
29343 -42.899204
29344 -42.785900
29345 -42.700001
29346 -42.649101
29348 -42.571003
29349 -42.485104
29350 -42.512505
29351 -42.680405
29352 -42.867905
29353 -42.973404
29354 -43.004704
29355 -43.008606
29356 -43.008606
29357 -43.008606
29358 -43.008606
29359 -43.008606
29360 -43.020306
29362 -43.102505
29364 -43.336803
29365 -43.665005
29366 -43.828804
29367 -43.676704
29368 -43.430702
29370 -43.442398
29371 -43.782303
29373 -44.250900
29374 -44.649601
29375 -44.825104
29376 -44.676899
29377 -44.368301
29380 -44.231701
29381 -44.297802
29383 -44.321301
29384 -44.262798
29386 -44.356701
29387 -44.731701
29390 -45.176804
29391 -45.290104
29393 -44.891602
29394 -44.306000
29396 -44.095001
29397 -44.469997
29398 -45.079102
29399 -45.391701
29400 -45.176800
29402 -44.626202
29403 -44.149601
29404 -44.083302
29406 -44.419003
29407 -44.750904
29408 -44.704102
29409 -44.458302
29410 -44.524799
29411 -45.024601
29412 -45.587101
29413 -45.895798
29414 -45.934898
29415 -45.782600
29416 -45.509003
29417 -45.243599
29418 -45.134003
29419 -45.247498
29420 -45.532497
29421 -45.833302
29422 -45.981800
29423 -45.981800
29424 -46.044598
29425 -46.317799
29426 -46.677299
29427 -46.915501
29428 -46.997700
29429 -47.009399
29430 -47.009399
29432 -47.009399
29433 -47.009399
29434 -47.009399
29435 -47.009399
29437 -47.009399
29438 -47.009399
29439 -47.001598
29440 -46.946800
29441 -46.790600
29442 -46.571800
29443 -46.462601
29444 -46.571800
29445 -46.778900
29446 -46.845100
29448 -46.610798
29449 -46.134201
29450 -45.751598
29452 -45.806202
29453 -46.239700
29454 -46.661499
29455 -46.782700
29456 -46.575600
29457 -46.146000
29458 -45.645802
29459 -45.216198
29460 -44.919102
29461 -44.798199
29463 -44.899601
29464 -45.126202
29465 -45.282398
29466 -45.329399
29467 -45.345001
29468 -45.352802
29469 -45.399799
29471 -45.563801
29472 -45.790401
29473 -45.946598
29474 -46.001400
29475 -46.009201
29476 -46.009201
29477 -46.001400
29478 -45.950500
29479 -45.821701
29480 -45.681004
29481 -45.681202
29482 -45.845001
29483 -46.009201
29484 -46.048199
29485 -45.970100
29486 -45.786499
29487 -45.509003
29488 -45.247498
29489 -45.169201
29490 -45.384300
29491 -45.841103
29492 -46.309998
29493 -46.583401
29494 -46.693001
29495 -46.786701
29497 -46.899998
29498 -46.978100
29499 -47.005501
29500 -47.009399
29501 -47.009399
29502 -47.009399
29503 -47.009399
29504 -47.009399
29505 -47.009399
29506 -47.009399
29508 -47.009399
29509 -47.009399
29510 -47.009399
29511 -47.009399
29512 -47.009399
29514 -47.009399
29515 -47.009399
29516 -47.009399
29517 -47.009399
29519 -47.009399
29520 -47.009399
29521 -47.009399
29522 -47.009399
29523 -47.013298
29524 -47.044598
29525 -47.150101
29526 -47.337597
29527 -47.501598
29528 -47.505497
29529 -47.368896
29530 -47.259495
29531 -47.267300
29532 -47.321899
29533 -47.372795
29534 -47.478294
29535 -47.646198
29536 -47.759499
29537 -47.755600
29538 -47.732292
29539 -47.790794
29540 -47.900200
29541 -47.978294
29542 -48.005699
29543 -48.009598
29545 -48.009598
29546 -48.005699
29547 -47.974400
29548 -47.868896
29549 -47.681396
29550 -47.517395
29551 -47.517395
29552 -47.681396
29553 -47.868896
29554 -47.974396
29556 -48.005699
29557 -48.009598
29558 -48.009598
29559 -48.009598
29560 -48.009598
29561 -48.009598
29562 -48.009598
29563 -48.009598
29564 -48.009598
29566 -48.005699
29567 -47.970501
29568 -47.837597
29570 -47.568096
29571 -47.267300
29572 -47.134598
29573 -47.243797
29574 -47.486099
29575 -47.724297
29576 -47.888496
29577 -47.946995
29578 -47.896297
29579 -47.790794
29580 -47.736198
29581 -47.786896
29583 -47.865002
29584 -47.833698
29585 -47.642300
29586 -47.372799
29587 -47.153999
29588 -47.044598
29589 -47.013302
29590 -47.013298
29591 -47.040699
29592 -47.118801
29593 -47.228199
29594 -47.282799
29595 -47.228199
29596 -47.118801
29597 -47.040699
29598 -47.013302
29600 -47.009399
29601 -47.009399
29602 -47.009399
29603 -47.009399
29604 -47.009399
29605 -47.009399
29606 -47.009399
29607 -47.009399
29608 -47.009399
29610 -47.009399
29611 -47.009399
29613 -47.009399
29614 -47.009399
29615 -47.009399
29616 -47.009399
29617 -47.009399
29618 -47.009399
29619 -47.009399
29620 -47.013298
29621 -47.040699
29622 -47.122700
29623 -47.263397
29624 -47.427399
29626 -47.591599
29628 -47.755600
29629 -47.896294
29630 -47.978294
29631 -48.005699
29632 -48.009598
29633 -48.009598
29634 -48.009598
29636 -48.009598
29638 -48.009598
29639 -48.009598
29640 -48.005699
29641 -47.974400
29642 -47.864998
29643 -47.642300
29644 -47.341499
29645 -47.044598
29646 -46.825798
29647 -46.739902
29648 -46.790600
29649 -46.899998
29650 -46.978100
29651 -47.005501
29652 -47.009399
29653 -47.009399
29654 -47.005501
29655 -46.978100
29656 -46.899998
29657 -46.790600
29658 -46.736000
29659 -46.786701
29660 -46.868698
29661 -46.864799
29663 -46.755402
29664 -46.622700
29665 -46.528801
29666 -46.423298
29667 -46.212299
29668 -45.966301
29669 -45.939098
29670 -46.239700
29671 -46.649899
29672 -46.911602
29673 -46.997700
29674 -47.009399
29675 -47.009399
29676 -47.009399
29677 -47.009399
29678 -47.009399
29679 -47.009399
29680 -47.009399
29681 -47.009399
29682 -47.009399
29683 -47.009399
29684 -47.009399
29686 -47.009399
29687 -47.009399
29688 -47.009399
29689 -47.009399
29690 -47.009399
29691 -47.009399
29692 -47.009399
29695 -47.009399
29696 -47.009399
29697 -47.009399
29698 -47.005501
29700 -46.978100
29701 -46.899998
29702 -46.786701
29703 -46.704700
29705 -46.681198
29706 -46.681198
29707 -46.700802
29708 -46.755402
29710 -46.790596
29711 -46.759300
29712 -46.732101
29713 -46.790600
29714 -46.899998
29715 -46.978100
29716 -47.005501
29717 -47.009399
29719 -47.009399
29720 -47.009399
29721 -47.009399
29722 -47.009399
29725 -47.009399
29726 -47.009399
29727 -47.009399
29728 -47.009399
29729 -47.009399
29730 -47.009399
29731 -47.009399
29732 -46.997700
29733 -46.915501
29735 -46.669498
29736 -46.259102
29737 -45.860996
29738 -45.696602
29739 -45.861000
29740 -46.259098
29741 -46.657799
29742 -46.809902
29743 -46.563900
29744 -45.930901
29746 -45.204597
29747 -44.876400
29748 -45.204601
29749 -45.919201
29750 -46.470001
29751 -46.481697
29752 -46.013100
29753 -45.532799
29754 -45.532803
29755 -46.024799
29757 -46.587299
29758 -46.899899
29759 -46.966400
29760 -46.899998
29761 -46.786701
29764 -46.700802
29765 -46.646000
29766 -46.540497
29767 -46.376499
