23973 -0.198900
23974 -1.795200
23975 -7.374600
23976 -18.533400
23977 -32.476799
23978 -43.635597
23979 -49.214996
23980 -50.811295
23981 -50.811295
23982 -51.010193
23983 -51.010193
23984 -51.010193
23985 -51.010193
23986 -51.010193
23987 -51.010193
23988 -51.010193
23990 -51.010193
23991 -51.010193
23993 -51.010193
23994 -51.010193
23995 -51.010193
23996 -51.010193
23997 -51.010193
23998 -51.010193
23999 -51.010193
24000 -51.010193
24001 -51.010193
24002 -51.010193
24003 -51.010193
24004 -51.010193
24005 -51.010193
24006 -51.010193
24007 -51.010193
24008 -51.010193
24009 -51.010193
24010 -51.010193
24012 -51.010193
24013 -51.010193
24014 -51.010193
24018 -51.010193
24019 -51.010193
24022 -51.010193
24024 -51.010193
24025 -51.010193
24026 -51.010193
24027 -51.014095
24028 -51.041496
24029 -51.123497
24031 -51.264202
24033 -51.428200
24034 -51.592400
24035 -51.756401
24036 -51.897102
24037 -51.979103
24038 -52.006500
24039 -52.010406
24040 -52.010406
24042 -52.010406
24043 -52.010406
24044 -52.010406
24045 -52.010406
24046 -52.010406
24047 -52.010406
24048 -52.010406
24049 -52.010406
24050 -52.010406
24051 -52.010406
24052 -52.010406
24053 -52.010406
24054 -52.010406
24055 -52.010406
24056 -52.010406
24057 -52.010406
24058 -52.014305
24059 -52.045605
24060 -52.155003
24061 -52.373798
24062 -52.647198
24063 -52.865993
24064 -52.975399
24065 -53.006695
24066 -53.010593
24067 -53.010593
24068 -53.010593
24069 -53.010593
24070 -53.010593
24071 -53.010593
24072 -53.010593
24073 -53.010593
24074 -53.010593
24075 -53.010593
24076 -53.010593
24077 -53.010593
24078 -53.010593
24079 -53.010593
24080 -53.010593
24081 -53.010593
24082 -53.010593
24083 -53.010593
24084 -53.014496
24085 -53.041893
24086 -53.123898
24087 -53.264599
24088 -53.424702
24089 -53.557602
24090 -53.612198
24091 -53.534100
24092 -53.346603
24093 -53.182594
24094 -53.155197
24095 -53.233299
24096 -53.284000
24097 -53.233299
24098 -53.151299
24099 -53.155201
24100 -53.264599
24101 -53.393402
24102 -53.448200
24103 -53.393398
24104 -53.260700
24105 -53.123898
24106 -53.045799
24107 -53.045799
24109 -53.123898
24110 -53.260696
24111 -53.397305
24112 -53.479500
24113 -53.502800
24114 -53.479500
24115 -53.397297
24116 -53.260700
24117 -53.123898
24118 -53.041897
24119 -53.014500
24120 -53.010593
24121 -53.010593
24122 -53.010593
24123 -53.010593
24124 -53.010593
24126 -53.010593
24127 -53.010593
24128 -53.010593
24129 -53.010593
24130 -53.014496
24131 -53.041893
24132 -53.119995
24133 -53.229397
24134 -53.284000
24135 -53.229397
24136 -53.119999
24137 -53.041897
24138 -53.014500
24139 -53.010593
24140 -53.010593
24141 -53.010593
24142 -53.010593
24143 -53.010593
24144 -53.010593
24145 -53.010593
24146 -53.010593
24147 -53.010593
24148 -53.010593
24149 -53.010593
24150 -53.010593
24151 -53.010593
24152 -53.014496
24153 -53.041893
24154 -53.119995
24155 -53.233299
24156 -53.319202
24157 -53.374001
24158 -53.479500
24159 -53.643501
24160 -53.725498
24161 -53.612202
24162 -53.374001
24163 -53.190403
24164 -53.186497
24165 -53.346603
24167 -53.538002
24168 -53.643497
24170 -53.670902
24171 -53.678703
24173 -53.682602
24174 -53.698303
24175 -53.721603
24176 -53.647404
24177 -53.401199
24179 -53.131901
24180 -53.081001
24181 -53.299805
24182 -53.620003
24183 -53.862305
24184 -53.975605
24185 -54.006905
24186 -54.010803
24188 -54.010803
24189 -54.006901
24190 -53.979504
24192 -53.901402
24193 -53.792000
24194 -53.737404
24195 -53.792004
24196 -53.901405
24197 -53.979504
24198 -54.006905
24200 -54.010803
24201 -54.006901
24202 -53.975601
24203 -53.870102
24204 -53.682598
24205 -53.514698
24206 -53.487305
24207 -53.569298
24208 -53.619999
24209 -53.592800
24210 -53.569305
24211 -53.628006
24212 -53.760704
24213 -53.897503
24214 -53.979504
24215 -54.003002
24216 -53.979504
24217 -53.901402
24218 -53.792000
24219 -53.737404
24220 -53.792004
24221 -53.901405
24222 -53.979504
24223 -54.006905
24225 -54.010803
24226 -54.010803
24228 -54.010803
24229 -54.010803
24230 -54.006901
24231 -53.979504
24232 -53.901402
24233 -53.792000
24234 -53.737404
24236 -53.792004
24237 -53.897503
24238 -53.944302
24239 -53.866203
24240 -53.678696
24241 -53.479500
24243 -53.346603
24244 -53.244999
24245 -53.159103
24246 -53.206100
24247 -53.428604
24249 -53.651302
24250 -53.725502
24251 -53.725700
24252 -53.756802
24253 -53.756802
24254 -53.616100
24255 -53.370098
24256 -53.155201
24258 -53.045795
24259 -53.010601
24260 -52.975395
24261 -52.865997
24262 -52.647202
24263 -52.373802
24264 -52.151104
24265 -52.010395
24266 -51.869698
24267 -51.646996
24268 -51.373596
24269 -51.150894
24271 -51.014095
24272 -50.904701
24273 -50.791393
24274 -50.736794
24275 -50.791397
24276 -50.900795
24277 -50.978897
24278 -51.006294
24279 -51.010193
24280 -51.010193
24281 -51.010193
24282 -51.010193
24283 -51.010193
24284 -51.010193
24285 -51.010193
24286 -51.010193
24287 -51.010193
24288 -51.010193
24289 -51.010193
24290 -51.006294
24291 -50.978893
24292 -50.900795
24293 -50.791393
24294 -50.736794
24295 -50.791397
24296 -50.900795
24297 -50.974998
24298 -50.974995
24299 -50.900795
24300 -50.791393
24301 -50.736794
24303 -50.791397
24306 -50.900795
24307 -50.978897
24308 -51.006294
24309 -51.010193
24310 -51.010193
24311 -51.010193
24312 -51.010193
24313 -51.010193
24314 -51.010193
24315 -51.010193
24316 -51.010193
24318 -51.010193
24319 -51.010193
24320 -51.006294
24321 -50.978893
24322 -50.900795
24323 -50.791393
24324 -50.736794
24326 -50.791397
24327 -50.900795
24328 -50.978897
24329 -51.006294
24330 -51.010193
24331 -51.010193
24332 -51.010193
24333 -51.010193
24334 -51.010193
24335 -51.014095
24337 -51.041496
24338 -51.123497
24339 -51.260300
24340 -51.392994
24342 -51.447792
24343 -51.392998
24344 -51.260300
24345 -51.123497
24346 -51.045399
24347 -51.049305
24348 -51.150898
24349 -51.342300
24350 -51.533699
24351 -51.615700
24352 -51.588501
24353 -51.537598
24354 -51.514297
24355 -51.510201
24356 -51.510399
24357 -51.506298
24358 -51.482998
24359 -51.428200
24360 -51.373604
24361 -51.377499
24362 -51.455601
24363 -51.561100
24364 -51.611794
24365 -51.533699
24366 -51.342293
24367 -51.150894
24368 -51.045395
24369 -51.014099
24370 -51.010193
24371 -51.010193
24372 -51.010193
24373 -51.010193
24374 -51.010193
24375 -51.010193
24376 -51.010193
24378 -51.010193
24379 -51.010193
24380 -51.010193
24382 -51.010193
24383 -51.010193
24384 -51.010193
24386 -51.010193
24387 -51.010193
24388 -51.010193
24389 -51.010193
24390 -51.010193
24391 -51.010193
24392 -51.010193
24393 -51.010193
24394 -51.010193
24395 -51.010193
24396 -51.010193
24397 -51.010193
24398 -51.010193
24399 -51.010193
24400 -51.010193
24401 -51.010193
24403 -51.010193
24404 -51.010193
24405 -51.010193
24406 -51.010193
24407 -51.010193
24408 -51.010193
24409 -51.010193
24412 -51.010193
24413 -51.010193
24414 -51.010193
24415 -51.010193
24416 -51.010193
24417 -51.010193
24419 -51.010193
24421 -51.010193
24422 -51.010193
24423 -51.010193
24424 -51.010193
24425 -51.010193
24426 -51.010193
24427 -51.010193
24428 -51.010193
24429 -51.010193
24430 -51.010193
24431 -51.010193
24432 -51.010193
24433 -51.010193
24434 -51.010193
24435 -51.010193
24436 -51.010193
24437 -51.010193
24438 -51.010193
24439 -51.010193
24440 -51.010193
24441 -51.010193
24442 -51.010193
24443 -51.010193
24444 -51.010193
24445 -51.010193
24446 -51.010193
24447 -51.010193
24448 -51.010193
24449 -51.010193
24450 -51.010193
24451 -51.014095
24453 -51.041496
24454 -51.119595
24455 -51.232899
24456 -51.314896
24457 -51.338398
24458 -51.342297
24459 -51.346199
24460 -51.342297
24461 -51.338394
24462 -51.314896
24463 -51.236797
24464 -51.150902
24465 -51.150898
24466 -51.232895
24467 -51.283592
24468 -51.228996
24469 -51.119598
24470 -51.041496
24471 -51.018002
24472 -51.041496
24473 -51.119595
24474 -51.228996
24475 -51.283592
24476 -51.228996
24477 -51.119598
24478 -51.041496
24479 -51.014099
24480 -51.010193
24481 -51.010193
24482 -51.010193
24483 -51.010193
24484 -51.010193
24485 -51.010193
24486 -51.010193
24487 -51.010193
24488 -51.010193
24489 -51.010193
24490 -51.014095
24492 -51.041496
24493 -51.119595
24494 -51.228996
24495 -51.283592
24496 -51.228996
24497 -51.119598
24498 -51.045399
24499 -51.045403
24501 -51.119595
24502 -51.228996
24503 -51.283592
24504 -51.228996
24506 -51.119598
24507 -51.041496
24508 -51.014099
24509 -51.010193
24510 -51.010193
24511 -51.010193
24512 -51.010193
24513 -51.010193
24514 -51.010193
24515 -51.010193
24516 -51.010193
24517 -51.010193
24518 -51.010193
24519 -51.010193
24520 -51.010193
24521 -51.010193
24522 -51.010193
24523 -51.010193
24524 -51.010193
24525 -51.010193
24527 -51.010193
24528 -51.010193
24529 -51.010193
24530 -51.010193
24531 -51.010193
24532 -51.010193
24533 -51.010193
24535 -51.006294
24536 -50.978893
24537 -50.900795
24538 -50.791393
24539 -50.736794
24540 -50.791397
24541 -50.900795
24542 -50.978897
24543 -51.006294
24544 -51.010193
24545 -51.010193
24546 -51.010193
24547 -51.010193
24548 -51.010193
24549 -51.010193
24550 -51.010193
24552 -51.010193
24553 -51.010193
24554 -51.010193
24555 -51.010193
24556 -51.010193
24557 -51.010193
24558 -51.010193
24559 -51.010193
24560 -51.010193
24561 -51.010193
24562 -51.010193
24563 -51.010193
24564 -51.010193
24565 -51.010193
24566 -51.010193
24567 -51.010193
24568 -51.010193
24570 -51.010193
24571 -51.010193
24572 -51.010193
24573 -51.010193
24575 -51.010193
24576 -51.010193
24577 -51.010193
24578 -51.010193
24579 -51.010193
24580 -51.014095
24581 -51.041496
24582 -51.119595
24583 -51.228996
24584 -51.283592
24585 -51.228996
24587 -51.119598
24588 -51.041496
24589 -51.014099
24590 -51.010193
24591 -51.010193
24592 -51.010193
24593 -51.010193
24594 -51.010193
24595 -51.010193
24596 -51.010193
24597 -51.014095
24598 -51.045399
24600 -51.154800
24601 -51.373604
24602 -51.647003
24603 -51.865807
24604 -51.975204
24606 -52.006500
24607 -52.010406
24608 -52.010406
24609 -52.010406
24610 -52.010406
24611 -52.002605
24612 -51.947803
24613 -51.791607
24614 -51.572803
24616 -51.463600
24617 -51.572807
24618 -51.787701
24619 -51.916504
24620 -51.889297
24621 -51.756397
24622 -51.596294
24623 -51.459496
24625 -51.377502
24626 -51.377499
24627 -51.455601
24628 -51.565002
24629 -51.646999
24630 -51.670506
24631 -51.643101
24632 -51.568905
24633 -51.463402
24634 -51.428402
24635 -51.533695
24636 -51.650898
24637 -51.619602
24638 -51.510406
24639 -51.518204
24640 -51.682205
24641 -51.869705
24642 -51.975204
24643 -52.002598
24644 -51.979103
24645 -51.901005
24646 -51.787701
24647 -51.705696
24648 -51.682201
24649 -51.682205
24650 -51.705704
24651 -51.787704
24652 -51.901001
24653 -51.979103
24654 -52.006500
24655 -52.010406
24656 -52.010406
24657 -52.006504
24658 -51.979103
24659 -51.901005
24661 -51.791603
24662 -51.737000
24663 -51.791603
24664 -51.901001
24665 -51.979103
24666 -52.006500
24667 -52.010406
24668 -52.010406
24670 -52.010406
24671 -52.010406
24672 -52.010406
24673 -52.010406
24674 -52.010406
24675 -52.010406
24676 -52.010406
24677 -52.010406
24678 -52.010406
24679 -52.010406
24680 -52.010406
24681 -52.010406
24683 -52.010406
24684 -52.010406
24686 -52.010406
24687 -52.010406
24689 -52.010406
24690 -52.010406
24691 -52.010406
24692 -52.010406
24693 -52.010406
24694 -52.010406
24695 -52.010406
24696 -52.010406
24697 -52.010406
24698 -52.010406
24699 -52.010406
24700 -52.010406
24701 -52.010406
24702 -52.010406
24703 -52.010406
24704 -52.010406
24705 -52.010406
24706 -52.010406
24707 -52.010406
24708 -52.010406
24709 -52.010406
24710 -52.010406
24711 -52.010406
24712 -52.010406
24713 -52.010406
24714 -52.010406
24715 -52.010406
24716 -52.010406
24717 -52.010406
24718 -52.010406
24719 -52.010406
24720 -52.010406
24722 -52.010406
24723 -52.010406
24725 -52.010406
24726 -52.010406
24727 -52.010406
24728 -52.010406
24729 -52.010406
24731 -52.010406
24732 -52.010406
24734 -52.010406
24735 -52.010406
24736 -52.010406
24737 -52.010406
24738 -52.010406
24739 -52.010406
24740 -52.010406
24741 -52.010406
24742 -52.010406
24743 -52.010406
24744 -52.010406
24746 -52.010406
24748 -52.010406
24749 -52.010406
24750 -52.010406
24751 -52.010406
24752 -52.010406
24753 -52.010406
24754 -52.010406
24755 -52.010406
24756 -52.010406
24757 -52.010406
24758 -52.010406
24759 -52.010406
24760 -52.010406
24761 -52.010406
24763 -52.010406
24764 -52.010406
24765 -52.010406
24766 -52.010406
24767 -52.010406
24768 -52.010406
24769 -52.014305
24770 -52.045605
24772 -52.155003
24773 -52.369900
24774 -52.612000
24775 -52.725296
24776 -52.643299
24777 -52.479301
24778 -52.373802
24779 -52.319000
24780 -52.233101
24781 -52.119804
24782 -52.041702
24783 -52.014305
24784 -52.010406
24785 -52.006504
24786 -51.979103
24787 -51.901005
24788 -51.791603
24789 -51.737000
24790 -51.791603
24791 -51.897099
24792 -51.947800
24793 -51.897099
24794 -51.791603
24795 -51.733097
24796 -51.756397
24797 -51.760296
24799 -51.646996
24800 -51.483002
24801 -51.408802
24802 -51.463402
24803 -51.596306
24804 -51.756401
24805 -51.897102
24806 -51.979103
24807 -52.006500
24808 -52.010406
24809 -52.010406
24811 -52.010406
24812 -52.010406
24813 -52.010406
24814 -52.002605
24815 -51.947803
24816 -51.791607
24817 -51.572803
24818 -51.463600
24819 -51.572807
24820 -51.787701
24821 -51.916504
24822 -51.893200
24823 -51.791603
24824 -51.737000
24825 -51.791603
24826 -51.901001
24827 -51.979103
24828 -52.006500
24829 -52.010406
24830 -52.010406
24831 -52.010406
24832 -52.010406
24833 -52.010406
24834 -52.010406
24835 -52.010406
24836 -52.010406
24837 -52.010406
24838 -52.010406
24839 -52.010406
24840 -52.010406
24843 -52.010406
24844 -52.010406
24845 -52.010406
24846 -52.010406
24847 -52.010406
24848 -52.010406
24849 -52.010406
24850 -52.006504
24851 -51.975201
24852 -51.869701
24853 -51.678299
24854 -51.482998
24856 -51.373596
24857 -51.318794
24858 -51.232895
24859 -51.115700
24860 -51.014099
24861 -50.939907
24862 -50.936001
24864 -51.100204
24865 -51.428207
24866 -51.756401
24867 -51.947800
24868 -52.037800
24869 -52.155003
24870 -52.373798
24871 -52.647198
24872 -52.865993
24873 -52.975399
24874 -53.006695
24875 -53.010593
24876 -53.014496
24878 -53.045795
24879 -53.159096
24880 -53.409199
24881 -53.792000
24882 -54.233498
24883 -54.647598
24884 -55.007099
24885 -55.343102
24886 -55.679100
24888 -56.015099
24889 -56.382401
24890 -56.862999
24892 -57.562401
24893 -58.562599
24894 -59.863605
24895 -61.367798
24896 -62.860096
24897 -63.942200
24898 -64.125603
24899 -63.172497
24900 -61.348099
24901 -59.273800
24904 -57.488201
24905 -56.155899
24906 -55.171204
24908 -54.417202
24909 -53.866299
24910 -53.561600
24911 -53.557701
24913 -53.831097
24915 -54.268696
24916 -54.753101
24917 -55.186802
24918 -55.432800
24919 -55.346901
24920 -54.913208
24922 -54.292202
24923 -53.717804
24924 -53.362404
24925 -53.248898
24926 -53.299805
24927 -53.456001
24928 -53.678703
24929 -53.905300
24930 -54.120201
24931 -54.374199
24932 -54.682796
24933 -55.011002
24934 -55.339199
24935 -55.643898
24936 -55.866596
24938 -55.976002
24939 -56.003399
24940 -55.975998
24941 -55.866596
24942 -55.647797
24943 -55.374397
24944 -55.155602
24945 -55.046200
24946 -55.014900
24947 -55.014900
24948 -55.046200
24949 -55.155602
24951 -55.374401
24952 -55.647800
24953 -55.866596
24954 -55.972103
24957 -55.968201
24958 -55.823597
24959 -55.432800
24960 -54.717899
24962 -53.756794
24963 -52.768501
24964 -51.940098
24965 -51.303303
24966 -50.799198
24967 -50.408600
24968 -50.158501
24969 -50.045200
24970 -50.017799
24973 -50.045197
24974 -50.166298
24975 -50.479000
24976 -51.080605
24978 -51.959702
24979 -52.916702
24980 -53.682503
24981 -54.127903
24982 -54.311604
24983 -54.417198
24984 -54.698601
24985 -55.331501
24986 -56.230000
24987 -57.065899
24988 -57.503502
24989 -57.425400
24990 -56.968399
24991 -56.370701
24992 -55.780697
24994 -55.171097
24995 -54.428802
24997 -53.573204
24998 -52.831100
24999 -52.393303
25000 -52.225407
25001 -52.205704
25002 -52.256599
25003 -52.287704
25004 -52.229202
25005 -52.119804
25007 -52.041702
25008 -52.014305
25009 -52.010406
25011 -52.010406
25012 -52.010406
25013 -52.014305
25014 -52.045605
25015 -52.155003
25017 -52.377701
25018 -52.682400
25019 -53.010597
25020 -53.342701
25021 -53.678699
25022 -54.014698
25023 -54.374199
25024 -54.788300
25027 -55.229801
25028 -55.608700
25029 -55.827499
25030 -55.831402
25031 -55.639999
25032 -55.339199
25033 -55.011005
25034 -54.682804
25035 -54.378101
25036 -54.155403
25037 -54.046005
25038 -54.018600
25039 -54.046001
25040 -54.155399
25041 -54.374199
25042 -54.647598
25043 -54.866402
25044 -54.971901
25046 -54.971901
25047 -54.862503
25049 -54.612404
25050 -54.225700
25051 -53.756798
25052 -53.264603
25053 -52.795700
25054 -52.409004
25055 -52.158905
25056 -52.049500
25057 -52.049503
25058 -52.155003
25059 -52.373798
25061 -52.647198
25062 -52.869896
25063 -53.006699
25064 -53.116096
25065 -53.229397
25066 -53.284000
25067 -53.233299
25068 -53.155201
25070 -53.186501
25071 -53.377903
25072 -53.647404
25073 -53.866203
25074 -53.975605
25075 -54.006905
25076 -54.010803
25077 -54.010803
25078 -54.010803
25079 -54.010803
25080 -54.010803
25081 -54.010803
25082 -54.010803
25083 -54.010803
25085 -54.010803
25086 -54.014702
25087 -54.046001
25088 -54.155399
25089 -54.374199
25091 -54.647598
25092 -54.866402
25093 -54.975800
25094 -55.007099
25095 -55.014900
25096 -55.038403
25097 -55.093002
25098 -55.155602
25099 -55.210201
25100 -55.319798
25101 -55.538399
25102 -55.788502
25103 -55.948597
25104 -56.003399
25105 -56.011196
25106 -56.011196
25107 -56.011196
25108 -56.015099
25109 -56.042496
25110 -56.120598
25111 -56.229996
25112 -56.284599
25113 -56.230000
25114 -56.116703
25115 -56.007301
25116 -55.870499
25117 -55.643898
25118 -55.339199
25119 -55.011005
25120 -54.682804
25121 -54.378101
25122 -54.159302
25123 -54.081203
25124 -54.163197
25125 -54.409397
25126 -54.796101
25127 -55.265003
25128 -55.753300
25129 -56.190895
25130 -56.464302
25131 -56.464302
25132 -56.190899
25133 -55.749397
25134 -55.229801
25135 -54.651501
25136 -54.046001
25137 -53.522495
25138 -53.194298
25139 -53.084896
25140 -53.159103
25141 -53.377899
25142 -53.682602
25143 -54.006901
25144 -54.311600
25146 -54.569500
25147 -54.788303
25148 -55.030602
25149 -55.276600
25152 -55.358601
25153 -55.163303
25155 -54.784401
25156 -54.413303
25157 -54.190601
25158 -54.155403
25159 -54.233501
25160 -54.284203
25161 -54.229603
25162 -54.124104
25163 -54.077301
25164 -54.159298
25165 -54.374199
25166 -54.647598
25167 -54.870300
25168 -55.007099
25169 -55.120399
25170 -55.261101
25171 -55.397701
25172 -55.483795
25173 -55.538399
25174 -55.624500
25175 -55.761097
25176 -55.897900
25177 -55.979900
25178 -56.007298
25179 -56.011196
25180 -56.011196
25181 -56.011196
25182 -56.011196
25184 -56.011196
25185 -56.011196
25186 -56.011196
25187 -56.011196
25188 -56.011196
25190 -56.011196
25191 -56.011196
25192 -56.011196
25194 -56.011196
25195 -56.011196
25196 -56.011196
25197 -56.011196
25198 -56.011196
25199 -56.011196
25200 -56.011196
25201 -56.015099
25202 -56.046398
25203 -56.151897
25204 -56.339394
25205 -56.503399
25206 -56.503399
25207 -56.339397
25208 -56.147999
25209 -56.011200
25210 -55.870499
25211 -55.643898
25213 -55.339199
25214 -55.007103
25215 -54.647602
25217 -54.233498
25218 -53.788097
25219 -53.374001
25220 -53.014503
25221 -52.682404
25222 -52.381599
25223 -52.190205
25225 -52.194099
25226 -52.412899
25227 -52.795700
25228 -53.268497
25229 -53.791996
25230 -54.374203
25231 -55.011002
25232 -55.647797
25233 -56.230000
25234 -56.753498
25235 -57.234100
25236 -57.675598
25237 -58.077999
25238 -58.374897
25239 -58.374702
25240 -57.933403
25241 -57.155899
25242 -56.257401
25243 -55.323502
25244 -54.381996
25245 -53.557697
25246 -53.006802
25247 -52.780201
25248 -52.799599
25249 -52.932495
25250 -53.088699
25251 -53.225498
25252 -53.284000
25253 -53.229397
25254 -53.116100
25255 -53.006699
25256 -52.869904
25257 -52.647202
25258 -52.373802
25259 -52.155006
25260 -52.045601
25261 -52.010403
25262 -51.975201
25263 -51.869701
25265 -51.682201
25266 -51.518204
25267 -51.518204
25268 -51.682205
25271 -51.873604
25272 -52.010403
25273 -52.147198
25274 -52.342499
25275 -52.533901
25276 -52.615898
25277 -52.592602
25278 -52.569096
25279 -52.627796
25280 -52.760494
25281 -52.897297
25282 -52.979298
25283 -53.006695
25284 -53.010593
25285 -53.010593
25286 -53.014496
25287 -53.045795
25288 -53.155197
25289 -53.374001
25290 -53.647404
25298 -53.866203
25299 -53.971703
25300 -53.971703
25301 -53.866199
25302 -53.647396
25303 -53.373997
25305 -53.159103
25306 -53.080997
25307 -53.159103
25308 -53.374001
25309 -53.643501
25310 -53.831001
25311 -53.834904
25312 -53.678699
25313 -53.514698
25315 -53.487305
25316 -53.573200
25317 -53.651299
25318 -53.702202
25319 -53.788105
25320 -53.901405
25321 -53.983402
25322 -54.042103
25323 -54.155399
25324 -54.370300
25325 -54.612400
25326 -54.721806
25327 -54.612404
25328 -54.370304
25329 -54.155403
25330 -54.046005
25331 -54.014702
25332 -54.010803
25333 -54.014702
25334 -54.046001
25335 -54.159298
25336 -54.405499
25337 -54.760899
25338 -55.120399
25340 -55.393799
25341 -55.589298
25342 -55.757198
25343 -55.897900
25344 -55.983803
25345 -56.042500
25346 -56.155800
25347 -56.374596
25348 -56.648003
25349 -56.866798
25350 -56.976204
25351 -57.007500
25352 -57.011398
25353 -57.011398
25354 -57.011398
25355 -57.011398
25356 -57.011398
25357 -57.007496
25359 -56.980099
25360 -56.902000
25361 -56.792603
25362 -56.737999
25363 -56.792603
25364 -56.898098
25366 -56.944901
25367 -56.862900
25369 -56.647999
25370 -56.374599
25371 -56.151897
25372 -56.011200
25373 -55.870499
25374 -55.647797
25376 -55.370499
25377 -55.116501
25378 -54.866402
25379 -54.506901
25380 -54.006901
25381 -53.483398
25382 -53.049698
25384 -52.721500
25385 -52.522297
25386 -52.518398
25387 -52.686302
25388 -52.905102
25390 -53.120003
25391 -53.366199
25392 -53.616104
25393 -53.756802
25394 -53.760704
25395 -53.768703
25398 -53.940498
25399 -54.307800
25400 -54.831303
25401 -55.511200
25402 -56.300297
25403 -56.964298
25404 -57.245701
25405 -57.191101
25406 -57.093597
25407 -57.097301
25408 -57.089500
25409 -56.944897
25410 -56.671501
25411 -56.343300
25412 -56.007298
25413 -55.647800
25414 -55.233704
25415 -54.788303
25416 -54.374203
25417 -54.014698
25418 -53.682598
25419 -53.373997
25420 -53.120003
25422 -52.901199
25423 -52.643299
25424 -52.307297
25425 -51.901001
25426 -51.463394
25428 -51.104095
25429 -50.935997
25430 -50.935997
25432 -50.982796
25434 -51.006294
25435 -51.006294
25436 -50.978893
25437 -50.896896
25438 -50.756195
25439 -50.592197
25440 -50.431896
25441 -50.299198
25442 -50.267895
25444 -50.404694
25445 -50.646797
25446 -50.830395
25448 -50.830402
25449 -50.642899
25451 -50.377296
25452 -50.193699
25454 -50.225002
25455 -50.525803
25456 -51.045399
25457 -51.646999
25458 -52.193996
25460 -52.608097
25461 -52.858196
25462 -52.940201
25463 -52.862099
25464 -52.647202
25465 -52.373802
25466 -52.155006
25467 -52.045601
25468 -52.014305
25469 -52.010406
25470 -52.010406
25472 -52.010406
25473 -52.010406
25474 -52.010406
25475 -52.002605
25476 -51.943901
25477 -51.760303
25478 -51.459499
25479 -51.213501
25480 -51.186096
25481 -51.318798
25482 -51.420395
25483 -51.393002
25485 -51.295506
25486 -51.264202
25487 -51.373604
25489 -51.537598
25490 -51.611797
25491 -51.557198
25492 -51.424294
25493 -51.268101
25494 -51.154800
25495 -51.150898
25496 -51.232895
25497 -51.283592
25498 -51.232899
25499 -51.150902
25500 -51.150898
25501 -51.232895
25503 -51.283592
25504 -51.232899
25505 -51.154804
25507 -51.186104
25508 -51.377502
25509 -51.647003
25511 -51.865807
25512 -51.975204
25513 -52.006500
25514 -52.010406
25515 -52.010406
25516 -52.010406
25517 -52.006504
25518 -51.979103
25519 -51.901005
25520 -51.783802
25521 -51.670494
25522 -51.537598
25523 -51.318794
25524 -51.068893
25526 -50.932098
25527 -50.935997
25528 -50.982796
25529 -51.006294
25530 -51.010193
25531 -51.010193
25532 -51.010193
25533 -51.014095
25534 -51.037598
25535 -51.088295
25536 -51.123501
25537 -51.092197
25538 -51.037601
25540 -51.045406
25541 -51.127399
25542 -51.260300
25543 -51.424305
25544 -51.568901
25545 -51.670498
25546 -51.752502
25547 -51.791599
25548 -51.760300
25549 -51.733101
25550 -51.791603
25551 -51.901001
25552 -51.979103
25553 -52.006500
25554 -52.010406
25555 -52.010406
25557 -52.010406
25558 -52.010406
25559 -52.010406
25560 -52.010406
25561 -52.010406
25563 -52.010406
25564 -52.010406
25565 -52.010406
25566 -52.010406
25567 -52.010406
25568 -52.014305
25569 -52.041706
25570 -52.119804
25571 -52.229202
25572 -52.287704
25573 -52.260502
25574 -52.229202
25575 -52.264404
25576 -52.322903
25577 -52.373798
25578 -52.483196
25580 -52.678501
25581 -52.869900
25583 -52.975399
25584 -53.010597
25585 -53.041893
25586 -53.123898
25587 -53.264599
25588 -53.428604
25589 -53.592804
25590 -53.756802
25591 -53.897503
25593 -53.979504
25594 -54.010803
25595 -54.042103
25596 -54.120201
25597 -54.233501
25598 -54.319401
25599 -54.374199
25601 -54.483601
25602 -54.678902
25603 -54.870300
25604 -54.979698
25606 -55.042297
25607 -55.155602
25608 -55.374401
25609 -55.647800
25610 -55.866596
25612 -55.976002
25613 -56.011200
25614 -56.042496
25615 -56.124500
25616 -56.265198
25617 -56.425297
25618 -56.562099
25620 -56.644100
25621 -56.644096
25622 -56.562096
25623 -56.425301
25624 -56.265202
25625 -56.124500
25626 -56.042500
25627 -56.015099
25628 -56.011196
25629 -56.011196
25631 -56.011196
25632 -56.011196
25634 -56.011196
25635 -56.003399
25636 -55.948597
25638 -55.792397
25639 -55.573597
25640 -55.464397
25641 -55.573597
25642 -55.792400
25643 -55.948597
25644 -56.003399
25645 -56.011196
25646 -56.007298
25647 -55.975998
25648 -55.866596
25649 -55.647797
25650 -55.374397
25651 -55.155602
25652 -55.046200
25653 -55.014900
25654 -55.011002
25655 -55.011002
25656 -55.011002
25657 -55.011002
25659 -55.011002
25660 -55.011002
25661 -55.011002
25662 -55.011002
25663 -55.011002
25664 -55.011002
25665 -55.007103
25666 -54.979702
25667 -54.901604
25668 -54.792202
25670 -54.733700
25671 -54.757000
25672 -54.757004
25673 -54.616302
25674 -54.370304
25675 -54.159302
25676 -54.077305
25677 -54.124100
25680 -54.233501
25682 -54.315502
25683 -54.339001
25685 -54.335102
25686 -54.280304
25687 -54.088898
25688 -53.756802
25689 -53.409203
25691 -53.194302
25692 -53.186497
25693 -53.342701
25695 -53.502800
25696 -53.498898
25697 -53.303596
25698 -53.002796
25699 -52.651100
25700 -52.264397
25701 -51.900997
25702 -51.627594
25703 -51.428200
25704 -51.229000
25706 -50.978901
25708 -50.678101
25709 -50.377296
25710 -50.158497
25712 -50.080399
25713 -50.158497
25714 -50.373394
25715 -50.646797
25716 -50.861694
25717 -50.939800
25718 -50.861698
25719 -50.646797
25720 -50.373398
25722 -50.158497
25723 -50.080399
25724 -50.162399
25725 -50.408600
25726 -50.795303
25727 -51.264202
25728 -51.756397
25729 -52.225300
25730 -52.611996
25732 -52.862095
25733 -52.971500
25734 -52.971497
25735 -52.865997
25736 -52.643299
25737 -52.338596
25738 -52.006500
25739 -51.646999
25740 -51.232899
25741 -50.791397
25743 -50.408600
25744 -50.158501
25746 -50.049099
25747 -50.049099
25748 -50.154594
25749 -50.369495
25750 -50.611599
25751 -50.720997
25752 -50.611599
25753 -50.365601
25754 -50.123299
25755 -49.931900
25756 -49.759903
25757 -49.591999
25758 -49.427799
25759 -49.263802
25761 -49.123100
25762 -49.041100
25764 -49.013702
25765 -49.013699
25766 -49.044998
25767 -49.154400
25768 -49.365398
25769 -49.580101
25771 -49.615295
25772 -49.427795
25773 -49.240498
25775 -49.299000
25776 -49.572399
25777 -49.837997
25778 -49.970898
25779 -50.006100
25780 -50.009998
25781 -50.009998
25782 -50.009998
25783 -50.009998
25784 -50.009998
25785 -50.009998
25786 -50.009998
25787 -50.009998
25788 -50.009998
25789 -50.006100
25790 -49.974800
25791 -49.865398
25792 -49.646599
25793 -49.373199
25794 -49.154400
25795 -49.045002
25796 -49.013702
25797 -49.013699
25798 -49.044998
25799 -49.154400
25800 -49.373199
25801 -49.646599
25802 -49.865398
25803 -49.974800
25804 -50.009998
25805 -50.045197
25806 -50.150696
25807 -50.338196
25808 -50.502201
25809 -50.502197
25811 -50.338196
25812 -50.150700
25813 -50.045200
25814 -50.017799
25815 -50.041298
25816 -50.123295
25817 -50.260098
25818 -50.396694
25819 -50.482796
25820 -50.537395
25821 -50.623497
25825 -50.763996
25826 -50.928200
25827 -51.088299
25828 -51.221199
25829 -51.256195
25830 -51.150902
25831 -51.010197
25832 -50.986900
25833 -51.072598
25834 -51.150902
25836 -51.201599
25837 -51.291599
25838 -51.432106
25839 -51.592400
25841 -51.756401
25842 -51.897102
25844 -51.979103
25845 -52.006500
25846 -52.010406
25847 -52.010406
25848 -52.010406
25850 -52.014305
25851 -52.045605
25853 -52.155003
25854 -52.373798
25855 -52.647198
25856 -52.869896
25857 -53.006699
25858 -53.116096
25859 -53.229397
25861 -53.284000
25862 -53.229397
25864 -53.119999
25865 -53.041897
25866 -53.014500
25867 -53.010593
25868 -53.006695
25869 -52.975395
25871 -52.865997
25872 -52.643299
25873 -52.338596
25874 -52.010399
25875 -51.682198
25876 -51.377495
25877 -51.154793
25878 -51.049297
25879 -51.049305
25880 -51.154800
25881 -51.373604
25882 -51.647003
25883 -51.865807
25884 -51.975204
25885 -52.006500
25886 -52.010406
25887 -52.010406
25888 -52.010406
25889 -52.010406
25890 -52.014305
25892 -52.045605
25893 -52.158905
25894 -52.412899
25896 -52.827000
25897 -53.377895
25898 -54.014698
25899 -54.678902
25900 -55.339203
25901 -55.972099
25902 -56.499504
25903 -56.827702
25904 -56.937096
25905 -56.859001
25906 -56.612801
25907 -56.226101
25908 -55.753296
25909 -55.233704
25910 -54.682800
25911 -54.155403
25912 -53.741299
25913 -53.463795
25914 -53.268497
25915 -53.123898
25916 -53.045799
25917 -53.049702
25918 -53.155197
25919 -53.374001
25920 -53.647404
25921 -53.866203
25922 -53.975605
25923 -54.006905
25925 -54.010803
25926 -54.006901
25927 -53.975601
25928 -53.866199
25929 -53.647396
25930 -53.373997
25933 -53.155201
25934 -53.049698
25935 -53.053600
25936 -53.190395
25937 -53.518597
25939 -54.010799
25940 -54.502998
25941 -54.827301
25942 -54.936703
25943 -54.862503
25944 -54.651505
25945 -54.409401
25946 -54.299999
25947 -54.409401
25948 -54.655396
25949 -54.901600
25950 -55.120399
25951 -55.370499
25952 -55.647800
25953 -55.866596
25954 -55.976002
25956 -56.011200
25957 -56.046398
25958 -56.155800
25959 -56.374596
25960 -56.648003
25961 -56.866798
25962 -56.976204
25963 -57.007500
25964 -57.011398
25965 -57.007496
25967 -56.976196
25968 -56.866798
25969 -56.647999
25971 -56.374599
25972 -56.151897
25973 -56.007301
25974 -55.835300
25975 -55.503201
25976 -55.007099
25977 -54.483601
25978 -54.046001
25979 -53.682598
25981 -53.342697
25982 -53.006702
25983 -52.647198
25984 -52.233093
25985 -51.791595
25986 -51.408798
25987 -51.158699
25988 -51.045395
25990 -51.014099
25991 -51.010193
25992 -51.010193
25993 -51.010193
25994 -51.010193
25995 -51.010193
25996 -51.010193
25997 -51.014095
25998 -51.045399
26001 -51.154800
26002 -51.373604
26003 -51.650902
26004 -51.897106
26005 -52.088501
26006 -52.260502
26008 -52.428402
26010 -52.588696
26011 -52.721397
26012 -52.756599
26014 -52.651104
26015 -52.514500
26016 -52.518398
26017 -52.678501
26018 -52.838600
26019 -52.866001
26020 -52.787899
26021 -52.733295
26022 -52.760498
26023 -52.787899
26024 -52.729202
26025 -52.619999
26026 -52.541702
26027 -52.514500
26028 -52.506500
26029 -52.479301
26030 -52.397102
26031 -52.260506
26032 -52.123703
26033 -52.041702
26034 -52.014305
26035 -52.010406
26036 -52.010406
26037 -52.010406
26038 -52.010406
26039 -52.010406
26040 -52.010406
26041 -52.010406
26043 -52.010406
26044 -52.010406
26045 -52.010406
26046 -52.010406
26047 -52.010406
26048 -52.010406
26049 -52.010406
26051 -52.010406
26052 -52.010406
26053 -52.014305
26054 -52.041706
26055 -52.123703
26056 -52.264400
26057 -52.428402
26058 -52.588696
26061 -52.721397
26062 -52.756599
26063 -52.651104
26064 -52.514500
26065 -52.518398
26066 -52.678501
26067 -52.838600
26068 -52.862103
26069 -52.752701
26070 -52.596497
26071 -52.463604
26072 -52.405102
26073 -52.455795
26074 -52.569103
26075 -52.651096
26076 -52.702000
26077 -52.787899
26078 -52.901196
26079 -52.979298
26080 -53.006695
26081 -53.010593
26083 -53.010593
26084 -53.006695
26085 -52.975395
26086 -52.865997
26087 -52.647202
26088 -52.373802
26089 -52.158905
26090 -52.076900
26091 -52.127602
26092 -52.264400
26093 -52.428402
26094 -52.592594
26095 -52.756596
26096 -52.897297
26099 -52.979298
26101 -53.006695
26102 -53.010593
26103 -53.010593
26104 -53.010593
26105 -53.010593
26106 -53.010593
26107 -53.010593
26108 -53.010593
26109 -53.010593
26110 -53.010593
26111 -53.010593
26112 -53.006695
26113 -52.975395
26114 -52.865997
26115 -52.647202
26116 -52.369900
26117 -52.119801
26118 -51.900993
26119 -51.650894
26120 -51.373596
26121 -51.150894
26122 -51.014095
26123 -50.904701
26124 -50.791393
26125 -50.736794
26126 -50.795300
26127 -50.932098
26128 -51.092201
26129 -51.260303
26130 -51.428200
26131 -51.596298
26132 -51.791599
26133 -52.041698
26134 -52.342495
26135 -52.643299
26136 -52.865993
26137 -52.975399
26138 -53.010597
26139 -53.045795
26140 -53.155197
26141 -53.374001
26142 -53.647404
26143 -53.866203
26144 -53.975605
26145 -54.006905
26146 -54.010803
26147 -54.010803
26148 -54.010803
26149 -54.010803
26150 -54.006901
26151 -53.975601
26152 -53.866199
26153 -53.647396
26155 -53.373997
26156 -53.151302
26157 -53.014496
26158 -52.901203
26159 -52.756599
26160 -52.592598
26161 -52.428406
26162 -52.264404
26163 -52.123703
26164 -52.037800
26165 -51.979099
26166 -51.865799
26167 -51.646996
26168 -51.373596
26169 -51.154793
26170 -51.045395
26171 -51.014099
26172 -51.006294
26173 -50.978893
26175 -50.896896
26176 -50.756195
26177 -50.592197
26178 -50.427998
26179 -50.264000
26180 -50.123299
26181 -50.041298
26182 -50.013901
26183 -50.009998
26184 -50.009998
26186 -50.009998
26187 -50.009998
26188 -50.009998
26189 -50.013897
26190 -50.045197
26191 -50.150696
26192 -50.338196
26193 -50.502201
26194 -50.502197
26195 -50.342094
26196 -50.185898
26197 -50.189796
26198 -50.377296
26199 -50.646797
26200 -50.865593
26201 -50.974998
26202 -51.006294
26203 -51.010193
26204 -51.010193
26205 -51.010193
26206 -51.010193
26207 -51.010193
26208 -51.010193
26209 -51.010193
26210 -51.014095
26211 -51.045399
26212 -51.150898
26213 -51.338398
26214 -51.502396
26215 -51.506298
26216 -51.373600
26217 -51.295502
26218 -51.408806
26220 -51.650902
26221 -51.865807
26222 -51.975204
26223 -51.998699
26224 -51.943901
26225 -51.756401
26226 -51.428196
26227 -51.100197
26228 -50.935997
26229 -50.935997
26230 -50.982796
26231 -51.006294
26232 -51.010193
26233 -51.010193
26234 -51.010193
26236 -51.010193
26237 -51.010193
26238 -51.010193
26239 -51.010193
26240 -51.010193
26241 -51.010193
26242 -51.010193
26243 -51.010193
26244 -51.010193
26245 -51.010193
26246 -51.010193
26247 -51.010193
26248 -51.010193
26249 -51.010193
26251 -51.010193
26252 -51.014095
26253 -51.045399
26254 -51.154800
26255 -51.373604
26256 -51.647003
26257 -51.865807
26259 -51.975204
26260 -52.006500
26261 -52.010406
26262 -52.010406
26265 -52.014305
26266 -52.045605
26267 -52.158905
26268 -52.409000
26269 -52.787899
26270 -53.198101
26271 -53.498898
26272 -53.608299
26273 -53.557598
26274 -53.424702
26275 -53.264599
26276 -53.119999
26277 -53.002796
26278 -52.834698
26279 -52.502594
26280 -52.010391
26281 -51.518196
26283 -51.189995
26284 -51.045395
26285 -50.978901
26286 -50.865597
26287 -50.646797
26288 -50.373398
26289 -50.154598
26290 -50.049099
26291 -50.053001
26292 -50.189800
26293 -50.518002
26294 -51.010201
26295 -51.506302
26298 -51.861904
26299 -52.084602
26300 -52.260502
26301 -52.428402
26302 -52.592594
26303 -52.756596
26304 -52.897297
26305 -52.979298
26307 -53.006695
26308 -53.010593
26309 -53.010593
26310 -53.010593
26311 -53.010593
26312 -53.010593
26313 -53.010593
26314 -53.010593
26315 -53.010593
26316 -53.006695
26317 -52.975395
26318 -52.865997
26319 -52.647202
26320 -52.373802
26321 -52.155006
26322 -52.045601
26323 -52.014305
26324 -52.014305
26325 -52.045605
26327 -52.155003
26329 -52.373798
26330 -52.647198
26332 -52.865993
26333 -52.967598
26334 -52.944092
26335 -52.791794
26336 -52.572994
26338 -52.463795
26339 -52.572994
26340 -52.791798
26341 -52.947994
26342 -52.998898
26344 -52.979294
26345 -52.897297
26346 -52.760498
26347 -52.627796
26348 -52.573002
26349 -52.627796
26350 -52.760494
26351 -52.897297
26352 -52.979298
26353 -53.006695
26354 -53.010593
26355 -53.010593
26356 -53.010593
26357 -53.010593
26359 -53.010593
26360 -53.006695
26361 -52.975395
26362 -52.865997
26363 -52.647202
26364 -52.373802
26365 -52.155006
26366 -52.045601
26369 -52.014305
26370 -52.014305
26372 -52.041706
26373 -52.119804
26376 -52.229202
26377 -52.283806
26378 -52.229202
26379 -52.123703
26380 -52.076900
26381 -52.158901
26383 -52.373798
26384 -52.647198
26385 -52.865993
26386 -52.975399
26387 -53.002796
26388 -52.979294
26389 -52.901196
26390 -52.791798
26391 -52.737194
26392 -52.791798
26393 -52.901196
26394 -52.979298
26395 -53.006695
26396 -53.010593
26397 -53.010593
26398 -53.010593
26399 -53.010593
26400 -53.010593
26401 -53.010593
26402 -53.010593
26403 -53.010593
26404 -53.010593
26405 -53.010593
26406 -53.010593
26407 -53.010593
26409 -53.010593
26410 -53.010593
26411 -53.010593
26413 -53.010593
26414 -53.010593
26415 -53.010593
26416 -53.010593
26420 -53.010593
26422 -53.010593
26423 -53.010593
26424 -53.010593
26425 -53.006695
26427 -52.975395
26429 -52.865997
26430 -52.647202
26431 -52.377701
26432 -52.190205
26433 -52.186298
26434 -52.342499
26435 -52.502602
26436 -52.502602
26438 -52.338600
26439 -52.151100
26440 -52.045601
26441 -52.014305
26442 -52.014305
26443 -52.045605
26444 -52.155003
26445 -52.373798
26447 -52.647198
26448 -52.865993
26449 -52.975399
26450 -53.006695
26451 -53.010593
26452 -53.010593
26454 -53.010593
26455 -53.010593
26457 -53.010593
26458 -53.010593
26459 -53.010593
26460 -53.010593
26461 -53.010593
26462 -53.010593
26463 -53.010593
26464 -53.006695
26465 -52.975395
26466 -52.865997
26467 -52.647202
26468 -52.377701
26469 -52.186306
26470 -52.158897
26471 -52.268299
26472 -52.428402
26473 -52.592594
26474 -52.756596
26475 -52.897297
26476 -52.975399
26477 -52.975395
26478 -52.901196
26479 -52.791798
26482 -52.737194
26483 -52.791798
26484 -52.897297
26485 -52.944099
26486 -52.862099
26487 -52.647202
26488 -52.373802
26489 -52.155006
26490 -52.049500
26491 -52.049503
26492 -52.155003
26493 -52.373798
26494 -52.647198
26495 -52.865993
26496 -52.979301
26497 -53.037994
26498 -53.123898
26499 -53.264599
26500 -53.428604
26501 -53.592804
26504 -53.760700
26505 -53.932701
26506 -54.124100
26507 -54.370300
26508 -54.643700
26509 -54.835102
26510 -54.862503
26511 -54.749199
26512 -54.557800
26513 -54.284199
26514 -53.901402
26515 -53.487301
26516 -53.186497
26517 -53.049694
26518 -53.014500
26519 -53.010593
26520 -53.006695
26521 -52.975395
26522 -52.869896
26523 -52.678501
26524 -52.487099
26525 -52.405102
26526 -52.428398
26527 -52.451904
26528 -52.397102
26530 -52.291805
26531 -52.233101
26532 -52.260506
26533 -52.287704
26534 -52.229202
26535 -52.119804
26536 -52.033901
26537 -51.951702
26538 -51.791607
26539 -51.572803
26540 -51.463600
26541 -51.576706
26542 -51.826801
26543 -52.092403
26544 -52.366001
26546 -52.651100
26547 -52.897293
26548 -53.084801
26549 -53.225498
26550 -53.284000
26551 -53.229397
26552 -53.116100
26553 -53.006699
26554 -52.873802
26555 -52.678501
26556 -52.483200
26557 -52.377701
26558 -52.354198
26560 -52.377697
26561 -52.479298
26562 -52.643303
26563 -52.725304
26564 -52.612000
26566 -52.373802
26567 -52.186306
26568 -52.154999
26569 -52.233101
26570 -52.283806
26571 -52.229202
26572 -52.119804
26573 -52.041702
26574 -52.014305
26576 -52.010406
26577 -52.010406
26578 -52.010406
26579 -52.010406
26580 -52.010406
26581 -52.010406
26582 -52.010406
26583 -52.006504
26584 -51.975201
26585 -51.865799
26586 -51.646996
26587 -51.373596
26588 -51.154793
26589 -51.041496
26590 -50.982800
26591 -50.896896
26592 -50.756195
26593 -50.596096
26594 -50.463196
26596 -50.404697
26597 -50.455395
26598 -50.568695
26599 -50.650696
26601 -50.701591
26602 -50.787498
26603 -50.900795
26605 -50.978897
26606 -51.010197
26607 -51.045399
26609 -51.154800
26610 -51.373604
26611 -51.647003
26612 -51.865807
26613 -51.975204
26614 -52.006500
26615 -52.014305
26616 -52.041706
26617 -52.119804
26618 -52.229202
26620 -52.283806
26621 -52.229202
26622 -52.119804
26623 -52.041702
26624 -52.014305
26625 -52.010406
26628 -52.010406
26629 -52.010406
26630 -52.010406
26631 -52.010406
26632 -52.010406
26633 -52.010406
26634 -52.010406
26635 -52.010406
26637 -52.010406
26638 -52.010406
26639 -52.010406
26640 -52.014305
26641 -52.041706
26642 -52.123703
26643 -52.264400
26644 -52.428402
26645 -52.592594
26646 -52.756596
26647 -52.897297
26648 -52.979298
26649 -53.006695
26650 -53.010593
26651 -53.010593
26652 -53.010593
26654 -53.010593
26655 -53.006695
26656 -52.975395
26657 -52.865997
26658 -52.647202
26659 -52.373802
26660 -52.155006
26661 -52.045601
26662 -52.010403
26664 -51.975201
26665 -51.865799
26666 -51.646996
26669 -51.373596
26670 -51.154793
26671 -51.045395
26673 -51.014099
26674 -51.010193
26675 -51.010193
26676 -51.010193
26677 -51.010193
26678 -51.010193
26679 -51.014095
26681 -51.045399
26683 -51.154800
26686 -51.369701
26687 -51.615700
26689 -51.752502
26690 -51.725098
26692 -51.623699
26693 -51.572800
26694 -51.627602
26695 -51.756405
26696 -51.865799
26697 -51.865799
26698 -51.756401
26699 -51.627598
26702 -51.572800
26705 -51.627602
26706 -51.760307
26707 -51.897102
26708 -51.979103
26709 -52.006500
26710 -52.010406
26711 -52.010406
26712 -52.010406
26713 -52.010406
26714 -52.010406
26716 -52.010406
26718 -52.010406
26719 -52.010406
26720 -52.010406
26721 -52.010406
26722 -52.010406
26723 -52.010406
26725 -52.010406
26726 -52.010406
26727 -52.010406
26728 -52.010406
26729 -52.010406
26730 -52.010406
26731 -52.010406
26732 -52.010406
26733 -52.010406
26734 -52.010406
26735 -52.010406
26736 -52.010406
26737 -52.010406
26738 -52.010406
26739 -52.010406
26740 -52.010406
26741 -52.010406
26742 -52.010406
26743 -52.010406
26744 -52.010406
26745 -52.010406
26746 -52.010406
26748 -52.010406
26749 -52.010406
26750 -52.010406
26751 -52.010406
26752 -52.010406
26753 -52.010406
26754 -52.010406
26755 -52.010406
26757 -52.010406
26758 -52.010406
26759 -52.010406
26761 -52.010406
26762 -52.014305
26764 -52.041706
26765 -52.119804
26766 -52.229202
26767 -52.283806
26768 -52.229202
26770 -52.119804
26771 -52.041702
26772 -52.014305
26773 -52.010406
26774 -52.010406
26775 -52.010406
26776 -52.010406
26777 -52.010406
26778 -52.010406
26780 -52.010406
26781 -52.010406
26782 -52.010406
26783 -52.010406
26785 -52.010406
26786 -52.010406
26787 -52.010406
26788 -52.010406
26789 -52.010406
26790 -52.010406
26791 -52.010406
26794 -52.010406
26795 -52.010406
26798 -52.010406
26799 -52.010406
26800 -52.010406
26801 -52.010406
26802 -52.010406
26803 -52.006504
26804 -51.975201
26805 -51.869701
26806 -51.682201
26807 -51.518204
26808 -51.518204
26809 -51.682205
26810 -51.869705
26811 -51.975204
26812 -52.006500
26813 -51.998707
26814 -51.916504
26815 -51.678303
26816 -51.318798
26817 -51.045593
26818 -50.990593
26819 -51.045395
26820 -51.060898
26821 -51.033699
26822 -51.014099
26823 -51.014095
26825 -51.041496
26826 -51.119595
26827 -51.228996
26828 -51.283592
26830 -51.228996
26831 -51.119598
26832 -51.041496
26833 -51.014099
26834 -51.010193
26838 -51.010193
26839 -51.010193
26840 -51.010193
26841 -51.010193
26842 -51.010193
26843 -51.010193
26844 -51.010193
26845 -51.010193
26846 -51.010193
26847 -51.010193
26848 -51.010193
26850 -51.006294
26851 -50.978893
26854 -50.900795
26855 -50.791393
26856 -50.736794
26857 -50.791397
26859 -50.900795
26860 -50.978897
26861 -51.002396
26862 -50.978893
26864 -50.904697
26865 -50.826599
26866 -50.881401
26867 -51.154800
26868 -51.537605
26870 -51.834503
26871 -51.971306
26872 -52.006500
26873 -52.010406
26874 -52.010406
26875 -52.010406
26876 -52.010406
26877 -52.010406
26878 -52.010406
26879 -52.010406
26880 -52.010406
26881 -52.010406
26882 -52.010406
26883 -52.010406
26884 -52.010406
26886 -52.002605
26887 -51.943901
26888 -51.756401
26889 -51.428196
26890 -51.100197
26891 -50.935997
26893 -50.935997
26894 -50.982796
26895 -51.002396
26896 -50.982796
26897 -50.932098
26898 -50.900795
26899 -50.951698
26900 -51.033497
26902 -51.010201
26903 -50.873398
26904 -50.799404
26906 -50.939903
26907 -51.264206
26908 -51.615707
26909 -51.861900
26910 -51.975204
26911 -52.006500
26912 -52.010406
26913 -52.010406
26914 -52.010406
26915 -52.010406
26916 -52.010406
26917 -52.010406
26919 -52.010406
26920 -52.010406
26921 -52.010406
26922 -52.014305
26923 -52.045605
26924 -52.155003
26925 -52.373798
26926 -52.647198
26927 -52.865993
26928 -52.971500
26929 -52.975395
26930 -52.901196
26933 -52.791798
26934 -52.737194
26935 -52.791798
26936 -52.901196
26937 -52.979298
26938 -53.006695
26939 -53.010593
26940 -53.010593
26941 -53.006695
26942 -52.979294
26943 -52.901196
26944 -52.791798
26945 -52.737194
26946 -52.795700
26947 -52.932495
26948 -53.088699
26949 -53.225498
26950 -53.284000
26951 -53.225498
26952 -53.084801
26953 -52.897301
26954 -52.654999
26955 -52.405102
26956 -52.264404
26957 -52.264404
26958 -52.287704
26960 -52.229202
26961 -52.119804
26962 -52.041702
26963 -52.014305
26964 -52.010406
26965 -52.010406
26966 -52.010406
26967 -52.006504
26968 -51.975201
26969 -51.865799
26970 -51.646996
26971 -51.373596
26972 -51.154793
26973 -51.041496
26974 -50.978901
26975 -50.865597
26976 -50.646797
26977 -50.373398
26978 -50.154598
26979 -50.045200
26980 -50.013901
26981 -50.013897
26982 -50.041298
26983 -50.119396
26984 -50.232697
26985 -50.318596
26986 -50.373394
26988 -50.482796
26989 -50.678093
26990 -50.869499
26991 -50.974998
26992 -51.006294
26993 -51.010193
26994 -51.010193
26995 -51.006294
26996 -50.978893
26997 -50.900795
26998 -50.787495
26999 -50.705494
27000 -50.681999
27001 -50.681995
27002 -50.701599
27003 -50.756199
27004 -50.787498
27005 -50.724895
27006 -50.588299
27008 -50.427998
27009 -50.264000
27010 -50.123299
27011 -50.041298
27012 -50.013901
27013 -50.009998
27014 -50.009998
27015 -50.009998
27016 -50.009998
27017 -50.009998
27018 -50.009998
27019 -50.006100
27020 -49.978699
27021 -49.900597
27022 -49.791199
27023 -49.736599
27024 -49.791199
27025 -49.900600
27026 -49.978699
27027 -50.006100
27028 -50.009998
27030 -50.009998
27031 -50.009998
27032 -50.009998
27034 -50.009998
27035 -50.009998
27036 -50.009998
27037 -50.006100
27038 -49.974800
27039 -49.865398
27041 -49.646599
27042 -49.373199
27043 -49.154400
27045 -49.041100
27046 -48.982403
27047 -48.896496
27048 -48.755798
27049 -48.591797
27050 -48.427597
27053 -48.263596
27054 -48.126797
27055 -48.076096
27056 -48.158100
27057 -48.372997
27060 -48.646400
27061 -48.865200
27062 -48.974602
27063 -49.005901
27064 -49.009800
27065 -49.009800
27066 -49.009800
27067 -49.013699
27068 -49.044998
27069 -49.154400
27070 -49.373199
27071 -49.646599
27072 -49.865398
27073 -49.974800
27074 -50.006100
27076 -50.009998
27077 -50.006100
27078 -49.974800
27079 -49.865398
27080 -49.646599
27081 -49.373199
27082 -49.154400
27083 -49.048901
27084 -49.045002
27085 -49.119202
27086 -49.232498
27087 -49.318398
27089 -49.373199
27090 -49.482601
27091 -49.674000
27092 -49.834103
27093 -49.826298
27094 -49.607498
27096 -49.228600
27097 -48.790993
27098 -48.408195
27099 -48.161999
27101 -48.076099
27103 -48.126801
27104 -48.263596
27105 -48.427601
27106 -48.591797
27107 -48.755798
27108 -48.896500
27109 -48.978500
27111 -49.005901
27112 -49.009800
27113 -49.009800
27114 -49.013699
27115 -49.041100
27116 -49.119202
27117 -49.228600
27118 -49.283199
27119 -49.232498
27121 -49.154400
27122 -49.185699
27123 -49.377102
27124 -49.646599
27125 -49.861500
27127 -49.939602
27128 -49.861500
27129 -49.650497
27130 -49.404499
27131 -49.263802
27132 -49.263802
27133 -49.287102
27134 -49.228600
27135 -49.119202
27136 -49.041100
27137 -49.013702
27138 -49.009800
27139 -49.009800
27140 -49.013699
27142 -49.044998
27145 -49.158298
27147 -49.412300
27148 -49.826401
27149 -50.373405
27150 -50.975006
27151 -51.494602
27152 -51.795399
27153 -51.826698
27154 -51.643097
27155 -51.369698
27156 -51.123493
27157 -50.935997
27158 -50.795296
27159 -50.736794
27161 -50.791397
27162 -50.896896
27163 -50.943699
27164 -50.861698
27165 -50.646797
27166 -50.373398
27167 -50.154598
27168 -50.045200
27169 -50.013901
27170 -50.009998
27171 -50.009998
27173 -50.013897
27174 -50.045197
27175 -50.154594
27176 -50.377296
27177 -50.682003
27178 -51.010201
27179 -51.338402
27180 -51.643105
27181 -51.865807
27182 -51.975204
27183 -52.006500
27184 -52.010406
27185 -52.010406
27186 -52.010406
27187 -52.010406
27188 -52.010406
27189 -52.010406
27190 -52.010406
27192 -52.010406
27193 -52.010406
27195 -52.010406
27196 -52.010406
27197 -52.010406
27198 -52.010406
27200 -52.010406
27201 -52.010406
27202 -52.010406
27204 -52.010406
27205 -52.014305
27206 -52.045605
27208 -52.155003
27209 -52.373798
27210 -52.647198
27211 -52.865993
27212 -52.975399
27213 -53.006695
27214 -53.010593
27215 -53.010593
27216 -53.010593
27217 -53.010593
27218 -53.010593
27219 -53.010593
27220 -53.010593
27221 -53.010593
27222 -53.010593
27223 -53.006695
27224 -52.975395
27225 -52.865997
27226 -52.651100
27227 -52.409000
27228 -52.299603
27229 -52.412903
27230 -52.690197
27231 -53.045795
27232 -53.483398
27234 -54.002998
27235 -54.467800
27236 -54.682701
27237 -54.573303
27238 -54.221802
27239 -53.760696
27240 -53.299801
27241 -52.940296
27242 -52.772396
27244 -52.795696
27245 -52.901196
27246 -52.979298
27247 -53.006695
27248 -53.010593
27249 -53.010593
27250 -53.010593
27251 -53.010593
27252 -53.010593
27253 -53.010593
27254 -53.010593
27255 -53.010593
27256 -53.010593
27257 -53.010593
27258 -53.014496
27259 -53.045795
27261 -53.155197
27262 -53.377899
27263 -53.678703
27264 -53.979500
27265 -54.225704
27267 -54.389702
27269 -54.444500
27271 -54.358402
27272 -54.112400
27273 -53.725502
27274 -53.260704
27276 -52.795700
27277 -52.409004
27278 -52.158905
27279 -52.045601
27280 -52.014305
27281 -52.002605
27283 -51.947803
27284 -51.787704
27285 -51.541500
27286 -51.350296
27287 -51.322701
27288 -51.404900
27289 -51.474995
27291 -51.475197
27292 -51.396896
27293 -51.260300
27294 -51.123497
27295 -51.041496
27296 -51.014099
27297 -51.010193
27298 -51.010193
27300 -51.010193
27301 -51.010193
27302 -51.010193
27303 -51.010193
27304 -51.010193
27305 -51.010193
27306 -51.010193
27307 -51.010193
27308 -51.010193
27309 -51.010193
27310 -51.010193
27311 -51.010193
27312 -51.010193
27313 -51.010193
27314 -51.010193
27315 -51.010193
27316 -51.010193
27317 -51.010193
27318 -51.010193
27319 -51.010193
27320 -51.010193
27321 -51.010193
27322 -51.010193
27324 -51.010193
27325 -51.010193
27326 -51.010193
27327 -51.010193
27328 -51.010193
27329 -51.010193
27330 -51.010193
27331 -51.010193
27332 -51.010193
27333 -51.010193
27334 -51.006294
27335 -50.974995
27336 -50.865597
27337 -50.646797
27338 -50.373398
27339 -50.154598
27340 -50.041302
27341 -49.982601
27342 -49.900597
27343 -49.791199
27344 -49.740498
27345 -49.826397
27346 -50.045197
27347 -50.342094
27348 -50.646801
27349 -50.900799
27350 -51.119606
27351 -51.369705
27352 -51.643101
27353 -51.834503
27355 -51.865803
27356 -51.787704
27357 -51.740898
27358 -51.826801
27359 -52.049500
27360 -52.377697
27361 -52.787903
27362 -53.233299
27363 -53.647400
27365 -54.003002
27366 -54.303802
27367 -54.499104
27368 -54.506905
27370 -54.374203
27371 -54.296101
27372 -54.413300
27373 -54.686695
27374 -55.007103
27375 -55.304001
27377 -55.499298
27378 -55.503197
27379 -55.339203
27380 -55.155602
27381 -55.073601
27382 -55.089104
27383 -55.085205
27384 -54.921005
27385 -54.593002
27386 -54.264805
27388 -54.081203
27389 -54.053802
27390 -54.155399
27391 -54.374199
27392 -54.647598
27393 -54.866402
27394 -54.975800
27395 -55.007099
27396 -55.011002
27397 -55.007103
27398 -54.975803
27399 -54.866405
27400 -54.647606
27401 -54.370300
27402 -54.124104
27403 -53.936604
27404 -53.795898
27405 -53.737404
27406 -53.792004
27407 -53.901405
27408 -53.979504
27410 -54.006905
27411 -54.010803
27412 -54.010803
27413 -54.014702
27414 -54.046001
27415 -54.155399
27416 -54.374199
27417 -54.647598
27418 -54.862503
27420 -54.948399
27421 -54.932899
27422 -54.936802
27423 -55.100998
27424 -55.428997
27425 -55.757198
27426 -55.944698
27428 -56.003399
27430 -56.015099
27431 -56.046398
27432 -56.155800
27433 -56.374596
27434 -56.648003
27435 -56.866798
27437 -56.976204
27438 -57.007500
27439 -57.011398
27441 -57.007496
27442 -56.976196
27443 -56.866798
27444 -56.647999
27446 -56.370701
27447 -56.120598
27448 -55.901798
27449 -55.651699
27450 -55.374397
27451 -55.155602
27452 -55.046200
27453 -55.014900
27454 -55.011002
27455 -55.011002
27456 -55.014900
27457 -55.046200
27458 -55.155602
27459 -55.374401
27460 -55.647800
27461 -55.866596
27462 -55.979904
27463 -56.042500
27464 -56.155800
27465 -56.374596
27466 -56.648003
27468 -56.866798
27469 -56.976204
27470 -57.007500
27471 -57.011398
27472 -57.015297
27473 -57.046597
27474 -57.148197
27475 -57.312199
27476 -57.429398
27477 -57.429398
27478 -57.429600
27479 -57.570099
27480 -57.792797
27481 -57.948997
27483 -58.011597
27484 -58.081997
27485 -58.300797
27486 -58.738396
27488 -59.285198
27489 -59.718895
27490 -59.910297
27491 -59.894802
27492 -59.793198
27493 -59.738598
27494 -59.793198
27495 -59.898697
27496 -59.949398
27497 -59.898701
27498 -59.793198
27499 -59.738598
27500 -59.793198
27501 -59.902599
27502 -59.980698
27504 -60.008099
27506 -60.011997
27507 -60.011997
27508 -60.004196
27509 -59.941597
27510 -59.722797
27511 -59.285198
27512 -58.738400
27514 -58.300797
27515 -58.081997
27516 -58.011597
27517 -57.945099
27518 -57.757599
27519 -57.429398
27520 -57.101395
27521 -56.937202
27522 -56.933300
27523 -56.952702
27524 -56.898102
27525 -56.788700
27526 -56.702797
27527 -56.651901
27528 -56.569901
27529 -56.456600
27530 -56.405899
27532 -56.464401
27533 -56.597298
27534 -56.757401
27535 -56.898102
27536 -56.980103
27537 -57.011398
27538 -57.046597
27540 -57.155998
27541 -57.374798
27542 -57.648197
27543 -57.866997
27544 -57.976398
27545 -58.007698
27546 -58.011597
27547 -58.011597
27548 -58.011597
27549 -58.011597
27550 -58.011597
27551 -58.011597
27552 -58.011597
27553 -58.011597
27554 -58.011597
27555 -58.011597
27556 -58.011597
27557 -58.011597
27559 -58.011597
27561 -58.011597
27562 -58.007698
27563 -57.976398
27565 -57.866997
27566 -57.644299
27567 -57.339600
27570 -57.011398
27571 -56.683201
27572 -56.378498
27573 -56.151897
27575 -56.015099
27576 -55.905697
27577 -55.792397
27578 -55.737797
27579 -55.792400
27580 -55.901798
27581 -55.979900
27582 -56.003399
27583 -55.975998
27584 -55.862698
27585 -55.612598
27587 -55.229801
27588 -54.788303
27589 -54.374203
27590 -54.014698
27591 -53.682598
27592 -53.377895
27593 -53.155201
27594 -53.045795
27595 -53.014500
27596 -53.010593
27597 -53.010593
27598 -53.010593
27599 -53.010593
27600 -53.010593
27601 -53.010593
27602 -53.010593
27603 -53.010593
27604 -53.010593
27605 -53.010593
27606 -53.006695
27607 -52.975395
27608 -52.865997
27609 -52.647202
27610 -52.373802
27611 -52.155006
27612 -52.045601
27613 -52.014305
27614 -52.010406
27615 -52.010406
27616 -52.010406
27617 -52.010406
27619 -52.010406
27620 -52.010406
27621 -52.010406
27622 -52.014305
27623 -52.045605
27626 -52.155003
27627 -52.373798
27628 -52.647198
27629 -52.865993
27630 -52.975399
27631 -53.010597
27632 -53.041893
27633 -53.123898
27634 -53.260696
27637 -53.393402
27638 -53.452103
27639 -53.428600
27640 -53.405304
27641 -53.487305
27642 -53.678703
27643 -53.870102
27644 -53.975605
27646 -54.006905
27649 -54.010803
27650 -54.010803
27651 -54.010803
27652 -54.010803
27653 -54.010803
27654 -54.010803
27655 -54.010803
27656 -54.010803
27657 -54.010803
27658 -54.010803
27659 -54.010803
27660 -54.010803
27661 -54.010803
27662 -54.010803
27663 -54.010803
27664 -54.010803
27665 -54.010803
27667 -54.010803
27668 -54.010803
27669 -54.014702
27670 -54.042103
27671 -54.124100
27672 -54.264801
27673 -54.428799
27674 -54.592999
27675 -54.757000
27676 -54.897697
27677 -54.979698
27678 -55.007099
27679 -55.011002
27680 -55.011002
27681 -55.011002
27682 -55.011002
27683 -55.011002
27684 -55.011002
27685 -55.011002
27686 -55.011002
27688 -55.014900
27689 -55.046200
27690 -55.155602
27691 -55.374401
27692 -55.647800
27693 -55.866596
27694 -55.976002
27695 -56.007298
27696 -56.011196
27698 -56.011196
27699 -56.003399
27700 -55.948597
27701 -55.792397
27702 -55.573597
27703 -55.464397
27704 -55.573597
27705 -55.792400
27706 -55.948597
27707 -56.003399
27708 -56.011196
27709 -56.011196
27710 -56.011196
27711 -56.011196
27712 -56.011196
27713 -56.011196
27714 -56.011196
27715 -56.011196
27716 -56.011196
27717 -56.011196
27718 -56.011196
27719 -56.011196
27720 -56.011196
27721 -56.011196
27722 -56.011196
27723 -56.011196
27725 -56.011196
27726 -56.011196
27727 -56.015099
27728 -56.042496
27729 -56.124500
27730 -56.265198
27731 -56.429199
27732 -56.593399
27733 -56.757401
27735 -56.898102
27736 -56.980103
27738 -57.007500
27739 -57.011398
27740 -57.011398
27741 -57.011398
27742 -57.011398
27743 -57.011398
27744 -57.011398
27745 -57.011398
27746 -57.011398
27747 -57.011398
27749 -57.011398
27750 -57.011398
27751 -57.011398
27752 -57.011398
27753 -57.011398
27754 -57.011398
27755 -57.011398
27756 -57.011398
27757 -57.011398
27758 -57.011398
27759 -57.011398
27761 -57.011398
27762 -57.011398
27763 -57.011398
27764 -57.011398
27765 -57.011398
27766 -57.011398
27767 -57.011398
27768 -57.011398
27770 -57.011398
27771 -57.011398
27772 -57.011398
27773 -57.011398
27774 -57.011398
27775 -57.011398
27776 -57.011398
27777 -57.011398
27778 -57.011398
27779 -57.011398
27780 -57.011398
27781 -57.011398
27782 -57.011398
27783 -57.011398
27784 -57.011398
27785 -57.011398
27786 -57.011398
27787 -57.011398
27788 -57.011398
27789 -57.011398
27790 -57.011398
27791 -57.011398
27792 -57.011398
27793 -57.011398
27794 -57.011398
27795 -57.011398
27796 -57.011398
27797 -57.011398
27798 -57.011398
27801 -57.011398
27802 -57.011398
27803 -57.011398
27804 -57.011398
27805 -57.011398
27806 -57.011398
27807 -57.011398
27808 -57.011398
27809 -57.011398
27810 -57.011398
27811 -57.011398
27813 -57.011398
27814 -57.011398
27815 -57.011398
27817 -57.011398
27818 -57.015297
27819 -57.038795
27820 -57.089500
27821 -57.120800
27822 -57.066002
27823 -56.956795
27824 -56.898098
27825 -56.898102
27826 -56.839397
27827 -56.644100
27828 -56.374599
27829 -56.155796
27831 -56.046398
27832 -56.015099
27833 -56.011196
27834 -56.007298
27835 -55.975998
27837 -55.870495
27839 -55.682995
27840 -55.518997
27841 -55.519001
27842 -55.686901
27843 -55.901798
27845 -56.089306
27847 -56.257397
27849 -56.397900
27850 -56.480099
27851 -56.507305
27852 -56.511398
27853 -56.507301
27855 -56.480099
27856 -56.397900
27857 -56.261299
27858 -56.124500
27859 -56.038601
27860 -55.983799
27861 -55.901794
27862 -55.788498
27863 -55.702599
27864 -55.647800
27865 -55.538399
27866 -55.343102
27867 -55.151703
27868 -55.046200
27869 -55.014900
27870 -55.014900
27871 -55.046200
27872 -55.155602
27873 -55.374401
27874 -55.647800
27875 -55.866596
27876 -55.976002
27877 -56.011200
27878 -56.046398
27879 -56.151897
27880 -56.343296
27881 -56.534698
27882 -56.616703
27883 -56.593399
27884 -56.569901
27885 -56.628601
27886 -56.761299
27887 -56.898102
27888 -56.980103
27889 -57.011398
27890 -57.046597
27891 -57.155998
27892 -57.374798
27894 -57.648197
27895 -57.866997
27896 -57.980297
27897 -58.042896
27898 -58.160099
27899 -58.410198
27900 -58.792995
27901 -59.222794
27902 -59.550800
27904 -59.644699
27905 -59.539196
27906 -59.461296
27907 -59.574398
27908 -59.793194
27909 -59.941597
27910 -59.933800
27911 -59.722797
27912 -59.281300
27913 -58.703201
27914 -58.156197
27916 -57.718597
27917 -57.378696
27918 -57.120796
27919 -56.905903
27920 -56.687099
27921 -56.519203
27922 -56.519196
27923 -56.683205
27924 -56.870697
27925 -56.976204
27926 -57.007500
27927 -57.011398
27928 -57.011398
27929 -57.011398
27930 -57.011398
27931 -57.011398
27933 -57.011398
27934 -57.011398
27935 -57.011398
27936 -57.011398
27937 -57.011398
27938 -57.011398
27939 -57.011398
27940 -57.007496
27941 -56.976196
27942 -56.866798
27943 -56.647999
27944 -56.374599
27945 -56.155796
27946 -56.042500
27947 -55.983799
27948 -55.893997
27949 -55.725899
27950 -55.483799
27951 -55.210201
27952 -54.991600
27953 -54.905502
27954 -54.929001
27955 -54.952297
27956 -54.897701
27957 -54.792202
27958 -54.733700
27959 -54.757000
27960 -54.757004
27961 -54.620201
27962 -54.401604
27963 -54.264801
27964 -54.264805
27966 -54.288101
27967 -54.229603
27968 -54.120205
27969 -54.042103
27970 -54.014702
27971 -54.010803
27972 -54.010803
27973 -54.006901
27976 -53.975601
27977 -53.874001
27979 -53.709995
27980 -53.592796
27981 -53.592800
27982 -53.592594
27983 -53.452099
27984 -53.229397
27985 -53.073200
27986 -53.022301
27987 -53.041893
27988 -53.119995
27989 -53.229397
27990 -53.284000
27991 -53.229397
27992 -53.119999
27993 -53.041897
27994 -53.014500
27996 -53.010593
27997 -53.010593
27998 -53.006695
27999 -52.979294
28000 -52.901196
28001 -52.791798
28002 -52.733295
28003 -52.756599
28004 -52.760498
28005 -52.647205
28006 -52.479301
28007 -52.373802
28008 -52.319000
28009 -52.233101
28010 -52.119804
28011 -52.041702
28013 -52.014305
28015 -52.010406
28016 -52.010406
28017 -52.010406
28018 -52.010406
28019 -52.010406
28020 -52.006504
28021 -51.979103
28022 -51.897102
28025 -51.756397
28026 -51.592392
28027 -51.428192
28028 -51.264198
28029 -51.123497
28030 -51.041496
28031 -51.014099
28032 -51.010193
28034 -51.010193
28037 -51.006294
28038 -50.974995
28039 -50.869495
28040 -50.678097
28041 -50.482796
28042 -50.373402
28043 -50.318600
28044 -50.232697
28045 -50.119400
28046 -50.041298
28047 -50.013901
28048 -50.009998
28049 -50.009998
28050 -50.009998
28051 -50.009998
28052 -50.009998
28054 -50.009998
28055 -50.009998
28056 -50.009998
28057 -50.009998
28059 -50.009998
28061 -50.009998
28062 -50.009998
28063 -50.009998
28066 -50.009998
28068 -50.009998
28069 -50.009998
28071 -50.009998
28072 -50.009998
28073 -50.009998
28074 -50.009998
28075 -50.009998
28076 -50.013897
28077 -50.045197
28078 -50.154594
28079 -50.373394
28080 -50.646797
28081 -50.865593
28082 -50.974998
28083 -51.006294
28085 -51.010193
28086 -51.010193
28088 -51.010193
28089 -51.010193
28090 -51.010193
28091 -51.010193
28092 -51.010193
28093 -51.010193
28094 -51.010193
28095 -51.010193
28096 -51.010193
28097 -51.010193
28098 -51.010193
28099 -51.010193
28101 -51.014095
28102 -51.045399
28103 -51.154800
28104 -51.365803
28105 -51.584400
28106 -51.647007
28107 -51.537601
28108 -51.455799
28109 -51.537601
28111 -51.639198
28113 -51.521797
28114 -51.150902
28115 -50.752399
28116 -50.643204
28117 -50.939903
28118 -51.428207
28119 -51.803207
28120 -51.967407
28121 -52.006500
28122 -52.010406
28123 -52.010406
28125 -52.010406
28126 -52.010406
28127 -52.010406
28128 -52.010406
28129 -52.010406
28130 -52.010406
28131 -52.014305
28132 -52.041706
28133 -52.119804
28134 -52.229202
28135 -52.287704
28136 -52.260502
28137 -52.229202
28138 -52.260506
28139 -52.287704
28140 -52.233101
28141 -52.151104
28142 -52.151100
28143 -52.233101
28144 -52.283806
28146 -52.229202
28147 -52.119804
28148 -52.041702
28149 -52.014305
28150 -52.010406
28151 -52.010406
28153 -52.010406
28154 -52.010406
28155 -52.010406
28156 -52.010406
28157 -52.010406
28158 -52.010406
28159 -52.010406
28162 -52.010406
28163 -52.010406
28164 -52.010406
28165 -52.010406
28166 -52.010406
28168 -52.014305
28169 -52.041706
28171 -52.123703
28173 -52.264400
28174 -52.424503
28175 -52.557396
28176 -52.612000
28177 -52.537804
28178 -52.373806
28179 -52.260498
28180 -52.264404
28181 -52.287704
28182 -52.229202
28183 -52.119804
28184 -52.045601
28185 -52.045605
28186 -52.123703
28187 -52.260502
28188 -52.397102
28189 -52.479298
28190 -52.502602
28191 -52.479301
28192 -52.397102
28193 -52.260506
28194 -52.123703
28195 -52.041702
28196 -52.014305
28197 -52.010406
28198 -52.010406
28199 -52.010406
28200 -52.010406
28201 -52.010406
28202 -52.010406
28203 -52.010406
28204 -52.010406
28205 -52.010406
28206 -52.010406
28207 -52.014305
28208 -52.041706
28209 -52.119804
28210 -52.229202
28211 -52.287704
28212 -52.260502
28213 -52.229202
28214 -52.260506
28215 -52.287704
28216 -52.229202
28217 -52.119804
28218 -52.041702
28220 -52.014305
28221 -52.010406
28222 -52.010406
28223 -52.010406
28224 -52.010406
28225 -52.010406
28227 -52.010406
28228 -52.010406
28229 -52.010406
28230 -52.010406
28231 -52.010406
28232 -52.010406
28233 -52.010406
28234 -52.010406
28235 -52.010406
28236 -52.010406
28237 -52.010406
28238 -52.010406
28239 -52.010406
28240 -52.010406
28241 -52.010406
28243 -52.010406
28244 -52.010406
28245 -52.010406
28246 -52.010406
28247 -52.010406
28248 -52.010406
28250 -52.010406
28251 -52.010406
28252 -52.010406
28253 -52.010406
28254 -52.010406
28255 -52.010406
28256 -52.010406
28257 -52.010406
28258 -52.010406
28259 -52.010406
28260 -52.010406
28261 -52.010406
28262 -52.006504
28263 -51.975201
28264 -51.869701
28265 -51.674400
28266 -51.451698
28267 -51.268101
28268 -51.131298
28269 -51.072800
28270 -51.154804
28271 -51.350105
28273 -51.565002
28274 -51.752502
28275 -51.893200
28277 -51.943897
28278 -51.861893
28279 -51.646996
28280 -51.377499
28282 -51.186096
28283 -51.154797
28284 -51.232895
28285 -51.283592
28286 -51.228996
28287 -51.119598
28288 -51.041496
28289 -51.014099
28290 -51.010193
28291 -51.010193
28292 -51.010193
28294 -51.006294
28295 -50.978893
28296 -50.900795
28297 -50.791393
28298 -50.736794
28299 -50.791397
28300 -50.900795
28301 -50.978897
28302 -51.006294
28303 -51.010193
28304 -51.010193
28305 -51.014095
28306 -51.045399
28308 -51.154800
28309 -51.377502
28310 -51.682201
28311 -52.006504
28312 -52.311199
28313 -52.569103
28314 -52.791801
28315 -53.065403
28316 -53.424702
28317 -53.756805
28318 -53.944305
28319 -53.999100
28321 -53.975601
28322 -53.866199
28323 -53.647396
28325 -53.370098
28326 -53.120003
28327 -52.901199
28328 -52.651100
28329 -52.373802
28330 -52.158905
28331 -52.080799
28332 -52.158901
28333 -52.373798
28334 -52.647198
28335 -52.865993
28336 -52.975399
28338 -53.006695
28339 -53.010593
28340 -53.010593
28341 -53.010593
28342 -53.010593
28343 -53.010593
28344 -53.010593
28345 -53.010593
28346 -53.010593
28347 -53.010593
28348 -53.010593
28349 -53.010593
28351 -53.010593
28352 -53.010593
28353 -53.010593
28355 -53.010593
28356 -53.010593
28357 -53.010593
28358 -53.010593
28359 -53.010593
28360 -53.010593
28361 -53.010593
28362 -53.010593
28363 -53.010593
28364 -53.006695
28365 -52.979294
28366 -52.897297
28367 -52.760498
28368 -52.623898
28369 -52.537804
28370 -52.487099
28371 -52.432301
28372 -52.401203
28373 -52.455795
28374 -52.569103
28375 -52.651096
28377 -52.702000
28378 -52.787899
28379 -52.901196
28380 -52.979298
28381 -53.006695
28382 -53.010593
28383 -53.010593
28384 -53.010593
28385 -53.010593
28386 -53.010593
28387 -53.010593
28389 -53.010593
28390 -53.010593
28391 -53.010593
28393 -53.010593
28394 -53.006695
28395 -52.975395
28396 -52.865997
28397 -52.647202
28398 -52.369900
28399 -52.119801
28400 -51.900993
28401 -51.650894
28402 -51.373596
28403 -51.150894
28404 -51.014095
28405 -50.904701
28407 -50.791393
28410 -50.736794
28411 -50.791397
28413 -50.900795
28414 -50.978897
28415 -51.010197
28416 -51.045399
28417 -51.154800
28418 -51.373604
28419 -51.647003
28421 -51.865807
28422 -51.975204
28423 -52.006500
28424 -52.010406
28425 -52.010406
28426 -52.010406
28427 -52.010406
28428 -52.010406
28429 -52.010406
28430 -52.010406
28431 -52.010406
28432 -52.010406
28433 -52.010406
28436 -52.010406
28437 -52.010406
28438 -52.010406
28439 -52.010406
28440 -52.010406
28441 -52.010406
28442 -52.010406
28443 -52.010406
28444 -52.010406
28445 -52.010406
28447 -52.010406
28448 -52.010406
28449 -52.010406
28450 -52.010406
28451 -52.010406
28452 -52.010406
28453 -52.010406
28455 -52.010406
28456 -52.010406
28457 -52.010406
28458 -52.010406
28459 -52.010406
28461 -52.010406
28462 -52.010406
28464 -52.010406
28465 -52.010406
28466 -52.010406
28467 -52.010406
28468 -52.010406
28469 -52.010406
28471 -52.010406
28472 -52.010406
28473 -52.010406
28474 -52.010406
28475 -52.010406
28477 -52.010406
28478 -52.010406
28479 -52.010406
28480 -52.010406
28481 -52.010406
28482 -52.010406
28484 -52.010406
28485 -52.010406
28486 -52.010406
28487 -52.010406
28488 -52.010406
28489 -52.010406
28490 -52.010406
28491 -52.010406
28492 -52.010406
28493 -52.010406
28494 -52.010406
28495 -52.010406
28496 -52.010406
28498 -52.010406
28499 -52.010406
28500 -52.010406
28501 -52.010406
28502 -52.010406
28503 -52.010406
28504 -52.010406
28505 -52.010406
28506 -52.010406
28507 -52.002605
28508 -51.947803
28509 -51.791607
28510 -51.572803
28511 -51.463600
28512 -51.572807
28513 -51.791603
28514 -51.947807
28516 -52.002602
28517 -52.010406
28518 -52.010406
28519 -52.010406
28520 -52.010406
28521 -52.010406
28522 -52.010406
28523 -52.010406
28524 -52.002605
28525 -51.947803
28526 -51.791607
28527 -51.572803
28529 -51.463600
28530 -51.572807
28531 -51.791603
28532 -51.947807
28533 -52.002602
28534 -52.010406
28535 -52.010406
28536 -52.010406
28537 -52.010406
28538 -52.010406
28539 -52.010406
28540 -52.010406
28542 -52.010406
28543 -52.010406
28544 -52.010406
28545 -52.010406
28546 -52.010406
28547 -52.010406
28548 -52.010406
28549 -52.010406
28550 -52.010406
28551 -52.010406
28552 -52.010406
28554 -52.010406
28555 -52.010406
28556 -52.010406
28557 -52.010406
28558 -52.010406
28559 -52.010406
28560 -52.010406
28561 -52.010406
28562 -52.010406
28563 -52.010406
28566 -52.010406
28567 -52.010406
28568 -52.010406
28569 -52.010406
28570 -52.010406
28572 -52.010406
28573 -52.010406
28574 -52.010406
28575 -52.010406
28577 -52.010406
28578 -52.010406
28579 -52.010406
28580 -52.010406
28581 -52.010406
28582 -52.010406
28583 -52.010406
28584 -52.010406
28585 -52.010406
28586 -52.010406
28587 -52.010406
28588 -52.010406
28589 -52.010406
28590 -52.010406
28591 -52.010406
28592 -52.010406
28593 -52.014305
28594 -52.041706
28596 -52.119804
28597 -52.229202
28598 -52.283806
28599 -52.229202
28600 -52.119804
28601 -52.041702
28602 -52.014305
28603 -52.010406
28604 -52.010406
28605 -52.010406
28607 -52.014305
28608 -52.041706
28609 -52.119804
28610 -52.229202
28611 -52.283806
28613 -52.229202
28614 -52.119804
28618 -52.041702
28619 -52.014305
28620 -52.010406
28621 -52.010406
28622 -52.010406
28623 -52.010406
28624 -52.010406
28625 -52.010406
28626 -52.010406
28627 -52.014305
28628 -52.041706
28629 -52.123703
28630 -52.260502
28631 -52.393204
28632 -52.451897
28633 -52.424503
28634 -52.369904
28635 -52.342499
28636 -52.315102
28637 -52.233101
28638 -52.119804
28639 -52.041702
28640 -52.014305
28641 -52.010406
28642 -52.010406
28643 -52.010406
28644 -52.010406
28645 -52.010406
28646 -52.010406
28650 -52.010406
28651 -52.010406
28653 -52.010406
28655 -52.010406
28656 -52.010406
28657 -52.010406
28658 -52.010406
28659 -52.010406
28661 -52.010406
28662 -52.010406
28663 -52.010406
28664 -52.010406
28665 -52.010406
28666 -52.010406
28667 -52.010406
28668 -52.010406
28669 -52.014305
28670 -52.041706
28671 -52.119804
28672 -52.233101
28673 -52.315105
28674 -52.338600
28675 -52.338600
28676 -52.315102
28677 -52.233101
28678 -52.119804
28679 -52.041702
28680 -52.014305
28681 -52.010406
28682 -52.010406
28683 -52.010406
28685 -52.010406
28686 -52.010406
28687 -52.010406
28688 -52.010406
28689 -52.010406
28690 -52.010406
28691 -52.010406
28692 -52.010406
28693 -52.010406
28694 -52.010406
28695 -52.010406
28697 -52.010406
28698 -52.010406
28699 -52.010406
28700 -52.010406
28701 -52.010406
28702 -52.010406
28703 -52.010406
28704 -52.010406
28705 -52.010406
28707 -52.010406
28708 -52.010406
28709 -52.010406
28710 -52.010406
28711 -52.010406
28712 -52.010406
28713 -52.010406
28714 -52.010406
28715 -52.010406
28717 -52.010406
28718 -52.010406
28719 -52.010406
28720 -52.010406
28721 -52.010406
28722 -52.010406
28723 -52.010406
28725 -52.010406
28726 -52.010406
28727 -52.010406
28728 -52.010406
28729 -52.010406
28732 -52.010406
28733 -52.010406
28734 -52.010406
28735 -52.010406
28736 -52.010406
28737 -52.010406
28738 -52.010406
28739 -52.010406
28740 -52.010406
28741 -52.010406
28742 -52.010406
28743 -52.010406
28744 -52.010406
28745 -52.010406
28746 -52.010406
28748 -52.010406
28750 -52.010406
28751 -52.010406
28752 -52.010406
28753 -52.010406
28754 -52.010406
28755 -52.010406
28756 -52.010406
28757 -52.010406
28758 -52.010406
28759 -52.010406
28760 -52.010406
28761 -52.010406
28762 -52.010406
28763 -52.010406
28764 -52.010406
28765 -52.010406
28766 -52.010406
28767 -52.010406
28768 -52.010406
28769 -52.010406
28770 -52.014305
28771 -52.041706
28772 -52.123703
28773 -52.260502
28774 -52.397102
28775 -52.479298
28776 -52.502602
28777 -52.479301
28778 -52.397102
28779 -52.260506
28780 -52.123703
28781 -52.041702
28782 -52.014305
28783 -52.010406
28784 -52.010406
28785 -52.010406
28786 -52.010406
28787 -52.010406
28788 -52.010406
28789 -52.010406
28790 -52.010406
28791 -52.010406
28792 -52.014305
28793 -52.041706
28794 -52.119804
28795 -52.233101
28796 -52.315105
28797 -52.338600
28798 -52.338600
28800 -52.315102
28801 -52.237000
28802 -52.155003
28803 -52.186298
28804 -52.373798
28805 -52.615898
28806 -52.756596
28807 -52.752697
28808 -52.698097
28809 -52.647202
28810 -52.537804
28811 -52.346405
28812 -52.182400
28813 -52.154999
28814 -52.237000
28815 -52.315105
28816 -52.338600
28817 -52.338600
28819 -52.315102
28820 -52.233101
28821 -52.119804
28822 -52.041702
28823 -52.014305
28824 -52.010406
28825 -52.010406
28826 -52.010406
28827 -52.010406
28828 -52.010406
28830 -52.010406
28831 -52.010406
28832 -52.010406
28833 -52.014305
28834 -52.041706
28835 -52.119804
28836 -52.229202
28837 -52.283806
28838 -52.229202
28839 -52.119804
28840 -52.045601
28841 -52.045605
28842 -52.119804
28843 -52.229202
28844 -52.287704
28845 -52.260502
28846 -52.229202
28847 -52.260506
28848 -52.287704
28849 -52.229202
28850 -52.119804
28851 -52.041702
28852 -52.014305
28853 -52.010406
28854 -52.010406
28856 -52.010406
28857 -52.010406
28858 -52.010406
28859 -52.010406
28860 -52.010406
28861 -52.010406
28862 -52.010406
28863 -52.010406
28864 -52.010406
28865 -52.010406
28866 -52.010406
28867 -52.010406
28868 -52.010406
28869 -52.010406
28870 -52.010406
28871 -52.010406
28872 -52.010406
28874 -52.010406
28875 -52.010406
28876 -52.010406
28877 -52.010406
28878 -52.010406
28879 -52.010406
28880 -52.010406
28881 -52.010406
28882 -52.010406
28883 -52.010406
28884 -52.010406
28885 -52.010406
28886 -52.010406
28887 -52.010406
28888 -52.010406
28889 -52.010406
28890 -52.010406
28891 -52.010406
28892 -52.010406
28893 -52.010406
28894 -52.010406
28896 -52.010406
28897 -52.010406
28898 -52.010406
28899 -52.010406
28900 -52.010406
28901 -52.010406
28902 -52.010406
28903 -52.010406
28905 -52.010406
28906 -52.010406
28907 -52.010406
28908 -52.010406
28910 -52.010406
28911 -52.010406
28912 -52.010406
28913 -52.010406
28914 -52.010406
28915 -52.010406
28916 -52.010406
28917 -52.010406
28918 -52.010406
28920 -52.010406
28921 -52.010406
28923 -52.010406
28924 -52.010406
28926 -52.010406
28927 -52.010406
28928 -52.010406
28929 -52.010406
28930 -52.010406
28931 -52.010406
28933 -52.010406
28934 -52.010406
28935 -52.010406
28936 -52.014305
28937 -52.041706
28938 -52.119804
28939 -52.229202
28940 -52.283806
28941 -52.229202
28942 -52.119804
28943 -52.041702
28944 -52.014305
28945 -52.010406
28946 -52.010406
28947 -52.010406
28948 -52.010406
28949 -52.010406
28950 -52.010406
28951 -52.010406
28952 -52.010406
28953 -52.010406
28954 -52.010406
28956 -52.010406
28957 -52.010406
28958 -52.010406
28959 -52.010406
28961 -52.010406
28962 -52.006504
28963 -51.975201
28964 -51.865799
28965 -51.650898
28966 -51.404900
28967 -51.264194
28968 -51.264198
28969 -51.287498
28970 -51.228996
28971 -51.119598
28972 -51.041496
28973 -51.014099
28975 -51.010193
28976 -51.010193
28978 -51.010193
28979 -51.014095
28981 -51.041496
28983 -51.119595
28984 -51.228996
28985 -51.283592
28986 -51.228996
28987 -51.119598
28988 -51.041496
28989 -51.018002
28990 -51.041496
28991 -51.119595
28993 -51.228996
28994 -51.283592
28995 -51.232899
28996 -51.154804
28997 -51.182201
28998 -51.342297
28999 -51.502396
29000 -51.502396
29001 -51.338394
29002 -51.154797
29003 -51.080601
29004 -51.158707
29005 -51.373604
29006 -51.647003
29008 -51.865807
29009 -51.975204
29010 -52.006500
29012 -52.010406
29013 -52.010406
29014 -52.010406
29015 -52.010406
29016 -52.010406
29017 -52.010406
29018 -52.010406
29019 -52.010406
29020 -52.006504
29021 -51.975201
29022 -51.865799
29023 -51.646996
29024 -51.373596
29025 -51.154793
29026 -51.045395
29027 -51.014099
29028 -51.010193
29029 -51.010193
29030 -51.010193
29031 -51.010193
29033 -51.010193
29034 -51.006294
29035 -50.978893
29036 -50.900795
29038 -50.791393
29039 -50.732895
29040 -50.760098
29043 -50.787498
29044 -50.724895
29045 -50.588299
29047 -50.427998
29049 -50.264000
29050 -50.123299
29052 -50.041298
29053 -50.013901
29054 -50.009998
29055 -50.009998
29056 -50.009998
29057 -50.009998
29058 -50.009998
29060 -50.009998
29061 -50.013897
29062 -50.041298
29063 -50.119396
29064 -50.228798
29065 -50.287296
29067 -50.263996
29068 -50.263996
29069 -50.404694
29070 -50.650696
29071 -50.865593
29072 -50.974998
29073 -51.006294
29074 -51.010193
29075 -51.006294
29076 -50.978893
29078 -50.900795
29081 -50.791393
29082 -50.736794
29083 -50.791397
29084 -50.900795
29085 -50.978897
29086 -51.006294
29087 -51.010193
29089 -51.010193
29091 -51.010193
29093 -51.010193
29094 -51.010193
29095 -51.010193
29096 -51.010193
29097 -51.010193
29098 -51.010193
29099 -51.010193
29100 -51.010193
29101 -51.010193
29102 -51.010193
29103 -51.010193
29104 -51.010193
29105 -51.010193
29106 -51.010193
29108 -51.010193
29109 -51.010193
29110 -51.010193
29111 -51.010193
29112 -51.010193
29113 -51.010193
29114 -51.010193
29115 -51.010193
29116 -51.010193
29118 -51.010193
29120 -51.010193
29121 -51.010193
29122 -51.010193
29123 -51.010193
29125 -51.010193
29126 -51.010193
29127 -51.010193
29128 -51.010193
29129 -51.010193
29130 -51.010193
29131 -51.010193
29132 -51.010193
29133 -51.010193
29134 -51.010193
29135 -51.010193
29136 -51.010193
29137 -51.010193
29138 -51.010193
29139 -51.010193
29140 -51.010193
29141 -51.010193
29142 -51.010193
29143 -51.010193
29144 -51.010193
29145 -51.010193
29146 -51.010193
29147 -51.010193
29148 -51.010193
29150 -51.010193
29151 -51.010193
29152 -51.010193
29156 -51.014095
29157 -51.045399
29158 -51.154800
29160 -51.369701
29161 -51.615700
29162 -51.756405
29163 -51.756401
29165 -51.733101
29166 -51.791603
29167 -51.901001
29168 -51.979103
29169 -52.006500
29170 -52.010406
29171 -52.010406
29172 -52.010406
29173 -52.010406
29174 -52.010406
29175 -52.010406
29176 -52.010406
29177 -52.010406
29178 -52.010406
29179 -52.010406
29180 -52.010406
29181 -52.010406
29182 -52.010406
29183 -52.010406
29184 -52.010406
29185 -52.010406
29186 -52.010406
29187 -52.010406
29188 -52.014305
29189 -52.041706
29190 -52.119804
29191 -52.229202
29192 -52.283806
29193 -52.229202
29194 -52.119804
29195 -52.041702
29197 -52.014305
29198 -52.010406
29199 -52.010406
29200 -52.010406
29201 -52.010406
29202 -52.010406
29203 -52.010406
29204 -52.010406
29205 -52.010406
29206 -52.010406
29207 -52.010406
29208 -52.010406
29209 -52.010406
29210 -52.010406
29211 -52.010406
29212 -52.010406
29213 -52.010406
29214 -52.010406
29215 -52.006504
29216 -51.979103
29217 -51.901005
29218 -51.791603
29219 -51.737000
29220 -51.791603
29222 -51.901001
29223 -51.979103
29224 -52.006500
29225 -52.010406
29226 -52.010406
29227 -52.010406
29228 -52.010406
29229 -52.010406
29231 -52.006504
29232 -51.975201
29233 -51.865799
29234 -51.646996
29237 -51.373596
29238 -51.154793
29239 -51.045395
29241 -51.014099
29242 -51.010193
29243 -51.010193
29244 -51.010193
29245 -51.006294
29246 -50.974995
29247 -50.865597
29248 -50.646797
29249 -50.377296
29250 -50.185898
29251 -50.158497
29252 -50.267899
29253 -50.427994
29254 -50.592194
29255 -50.756195
29257 -50.896896
29258 -50.978897
29259 -51.010197
29260 -51.041496
29261 -51.119595
29262 -51.228996
29263 -51.283592
29264 -51.228996
29265 -51.119598
29267 -51.041496
29268 -51.018002
29269 -51.045399
29270 -51.154800
29271 -51.373604
29272 -51.647003
29273 -51.865807
29274 -51.979103
29275 -52.037800
29277 -52.119804
29278 -52.233101
29279 -52.319004
29280 -52.369900
29281 -52.451897
29282 -52.565205
29283 -52.615898
29284 -52.557404
29285 -52.424500
29286 -52.264404
29287 -52.123703
29288 -52.041702
29289 -52.014305
29290 -52.006504
29291 -51.979103
29293 -51.893204
29294 -51.729000
29295 -51.514297
29297 -51.318794
29298 -51.209595
29300 -51.178093
29301 -51.150894
29302 -51.092194
29303 -51.037598
29304 -51.014099
29305 -51.010193
29306 -51.010193
29307 -51.010193
29308 -51.010193
29310 -51.006294
29311 -50.974995
29312 -50.865597
29313 -50.646797
29314 -50.373398
29315 -50.154598
29316 -50.045200
29317 -50.013901
29318 -50.009998
29319 -50.009998
29320 -50.009998
29321 -50.009998
29322 -50.009998
29324 -50.009998
29325 -50.009998
29326 -50.009998
29327 -50.009998
29328 -50.009998
29329 -50.009998
29330 -50.009998
29331 -50.009998
29332 -50.009998
29333 -50.009998
29334 -50.009998
29335 -50.009998
29337 -50.009998
29338 -50.009998
29339 -50.009998
29340 -50.009998
29341 -50.009998
29342 -50.009998
29343 -50.009998
29344 -50.009998
29345 -50.009998
29346 -50.009998
29348 -50.009998
29349 -50.009998
29352 -50.009998
29353 -50.009998
29354 -50.009998
29355 -50.009998
29356 -50.009998
29357 -50.009998
29358 -50.009998
29359 -50.009998
29360 -50.009998
29362 -50.009998
29364 -50.009998
29365 -50.009998
29366 -50.009998
29368 -50.009998
29369 -50.009998
29370 -50.009998
29371 -50.009998
29373 -50.009998
29374 -50.009998
29375 -50.009998
29376 -50.009998
29377 -50.009998
29379 -50.009998
29380 -50.009998
29381 -50.009998
29382 -50.009998
29383 -50.009998
29384 -50.009998
29385 -50.009998
29386 -50.009998
29387 -50.009998
29388 -50.009998
29389 -50.009998
29390 -50.009998
29391 -50.009998
29393 -50.009998
29394 -50.009998
29396 -50.009998
29397 -50.009998
29398 -50.009998
29400 -50.009998
29402 -50.009998
29403 -50.009998
29406 -50.009998
29408 -50.009998
29409 -50.009998
29410 -50.009998
29411 -50.009998
29412 -50.009998
29413 -50.013897
29414 -50.045197
29415 -50.154594
29417 -50.373394
29418 -50.642899
29419 -50.830395
29420 -50.834301
29421 -50.678097
29422 -50.517994
29423 -50.517998
29424 -50.681999
29425 -50.869499
29426 -50.974998
29427 -51.002396
29428 -50.978893
29430 -50.900795
29431 -50.791393
29432 -50.736794
29433 -50.791397
29434 -50.900795
29436 -50.978897
29437 -51.006294
29438 -51.010193
29439 -51.010193
29441 -51.010193
29442 -51.010193
29443 -51.010193
29444 -51.010193
29445 -51.006294
29446 -50.978893
29447 -50.900795
29448 -50.791393
29449 -50.736794
29450 -50.791397
29452 -50.900795
29453 -50.978897
29454 -51.002396
29455 -50.978893
29456 -50.900795
29457 -50.791393
29458 -50.736794
29459 -50.791397
29460 -50.900795
29461 -50.978897
29463 -51.006294
29465 -51.010193
29466 -51.010193
29467 -51.010193
29468 -51.010193
29469 -51.010193
29470 -51.006294
29471 -50.978893
29472 -50.900795
29473 -50.787495
29475 -50.705494
29476 -50.678101
29477 -50.650696
29478 -50.596100
29479 -50.568695
29480 -50.627396
29481 -50.756195
29482 -50.865597
29483 -50.869499
29484 -50.787495
29485 -50.736794
29486 -50.791397
29487 -50.900795
29488 -50.978897
29489 -51.006294
29490 -51.010193
29491 -51.010193
29492 -51.010193
29493 -51.010193
29494 -51.010193
29495 -51.010193
29497 -51.010193
29498 -51.010193
29499 -51.010193
29500 -51.010193
29501 -51.010193
29502 -51.010193
29503 -51.010193
29504 -51.010193
29505 -51.010193
29506 -51.010193
29507 -51.010193
29508 -51.010193
29509 -51.010193
29510 -51.010193
29511 -51.010193
29512 -51.010193
29514 -51.010193
29515 -51.010193
29516 -51.010193
29517 -51.010193
29518 -51.010193
29519 -51.010193
29520 -51.010193
29521 -51.014095
29522 -51.045399
29523 -51.150898
29524 -51.338398
29525 -51.502396
29526 -51.502396
29527 -51.342297
29528 -51.182198
29530 -51.154797
29531 -51.232895
29532 -51.283592
29533 -51.228996
29535 -51.119598
29537 -51.041496
29538 -51.014099
29539 -51.010193
29542 -51.010193
29543 -51.010193
29545 -51.010193
29546 -51.010193
29547 -51.010193
29548 -51.010193
29549 -51.010193
29550 -51.010193
29551 -51.010193
29553 -51.010193
29556 -51.010193
29557 -51.010193
29558 -51.010193
29559 -51.010193
29560 -51.010193
29561 -51.010193
29562 -51.010193
29563 -51.010193
29564 -51.010193
29565 -51.010193
29566 -51.010193
29567 -51.010193
29568 -51.010193
29569 -51.010193
29570 -51.010193
29571 -51.010193
29572 -51.010193
29573 -51.010193
29574 -51.010193
29575 -51.010193
29576 -51.010193
29577 -51.010193
29578 -51.010193
29579 -51.010193
29580 -51.010193
29581 -51.010193
29582 -51.010193
29583 -51.010193
29584 -51.010193
29585 -51.010193
29586 -51.010193
29587 -51.010193
29588 -51.010193
29589 -51.010193
29590 -51.010193
29591 -51.010193
29592 -51.010193
29593 -51.010193
29594 -51.010193
29595 -51.006294
29596 -50.978893
29597 -50.900795
29598 -50.791393
29599 -50.736794
29600 -50.791397
29602 -50.900795
29603 -50.978897
29604 -51.006294
29605 -51.010193
29606 -51.010193
29607 -51.014095
29608 -51.045399
29610 -51.154800
29611 -51.373604
29612 -51.647003
29613 -51.865807
29614 -51.975204
29615 -52.010399
29616 -52.041706
29617 -52.119804
29618 -52.229202
29619 -52.283806
29620 -52.229202
29621 -52.119804
29622 -52.041702
29623 -52.018204
29624 -52.041706
29626 -52.119804
29627 -52.229202
29628 -52.283806
29629 -52.229202
29630 -52.119804
29631 -52.041702
29632 -52.014305
29633 -52.010406
29634 -52.010406
29635 -52.010406
29636 -52.010406
29638 -52.006504
29639 -51.975201
29640 -51.865799
29641 -51.646996
29642 -51.373596
29643 -51.154793
29644 -51.045395
29645 -51.014099
29646 -51.010193
29647 -51.006294
29648 -50.974995
29649 -50.865597
29650 -50.646797
29651 -50.373398
29652 -50.154598
29653 -50.045200
29654 -50.013901
29655 -50.009998
29656 -50.009998
29657 -50.009998
29658 -50.009998
29659 -50.009998
29660 -50.009998
29663 -50.009998
29664 -50.009998
29665 -50.009998
29666 -50.009998
29667 -50.009998
29668 -50.009998
29669 -50.009998
29670 -50.013897
29671 -50.041298
29673 -50.119396
29675 -50.232697
29676 -50.318596
29677 -50.373394
29678 -50.482796
29679 -50.678093
29680 -50.869499
29681 -50.974998
29682 -51.006294
29683 -51.010193
29684 -51.014095
29685 -51.041496
29686 -51.119595
29687 -51.228996
29688 -51.283592
29689 -51.228996
29690 -51.119598
29691 -51.041496
29692 -51.010201
29694 -50.974995
29695 -50.865597
29696 -50.646797
29697 -50.373398
29698 -50.154598
29700 -50.045200
29701 -50.013901
29704 -50.009998
29705 -50.009998
29706 -50.009998
29707 -50.009998
29708 -50.009998
29709 -50.009998
29710 -50.009998
29711 -50.009998
29713 -50.009998
29715 -50.009998
29716 -50.009998
29717 -50.009998
29718 -50.009998
29719 -50.009998
29720 -50.009998
29721 -50.009998
29722 -50.013897
29723 -50.041298
29725 -50.119396
29726 -50.228798
29727 -50.283398
29728 -50.228798
29729 -50.119400
29730 -50.041298
29731 -50.013901
29732 -50.009998
29733 -50.009998
29734 -50.009998
29735 -50.009998
29737 -50.009998
29738 -50.009998
29739 -50.013897
29740 -50.045197
29741 -50.154594
29742 -50.373394
29743 -50.646797
29744 -50.865593
29746 -50.974998
29747 -51.002396
29749 -50.974995
29750 -50.865597
29751 -50.646797
29752 -50.373398
29753 -50.154598
29754 -50.045200
29755 -50.013901
29756 -50.006100
29758 -49.974800
29759 -49.865398
29760 -49.646599
29761 -49.373199
29762 -49.154400
29764 -49.045002
29765 -49.013702
29766 -49.009800
29767 -49.009800
29768 -49.009800
29770 -49.005898
29771 -48.974598
29772 -48.865196
29774 -48.646400
29775 -48.373001
29777 -48.154198
29778 -48.044800
29779 -48.013496
29780 -48.009598
29781 -48.009598
29782 -48.009598
29783 -48.009598
29784 -48.009598
29785 -48.009598
29786 -48.009598
29787 -48.013500
29788 -48.044800
29789 -48.154198
29790 -48.372997
